sample_idx,true_label,pred_label,correct,confidence
0,1,1,1,0.13947482407093048
1,1,0,0,0.6282156705856323
2,1,0,0,0.026772988960146904
3,1,0,0,0.00464848056435585
4,1,1,1,0.31062549352645874
5,1,1,1,1.1359344720840454
6,1,0,0,0.5274612307548523
7,1,0,0,0.16807350516319275
8,1,0,0,0.826154887676239
9,1,0,0,0.18433716893196106
10,1,1,1,1.895293951034546
11,1,0,0,0.10562136024236679
12,1,0,0,0.27695611119270325
13,1,1,1,0.7895582318305969
14,1,1,1,0.2490835040807724
15,1,1,1,1.701694369316101
16,1,0,0,0.855860710144043
17,1,0,0,0.26685118675231934
18,1,1,1,2.177975654602051
19,1,1,1,0.16061805188655853
20,1,0,0,0.41280192136764526
21,1,1,1,0.9935534596443176
22,1,0,0,1.465073823928833
23,1,0,0,0.41836369037628174
24,1,1,1,0.30619263648986816
25,1,0,0,0.9190826416015625
26,1,1,1,2.0725455284118652
27,1,0,0,1.2011346817016602
28,1,1,1,0.10895924270153046
29,1,1,1,0.7506945729255676
30,1,1,1,0.04850136116147041
31,1,1,1,0.23693086206912994
32,1,1,1,0.35174596309661865
33,1,1,1,0.10847114026546478
34,1,1,1,2.0193357467651367
35,1,1,1,1.0010652542114258
36,1,1,1,2.1241846084594727
37,1,0,0,0.4869929254055023
38,1,1,1,1.9332988262176514
39,1,1,1,1.3798112869262695
40,1,1,1,0.6781931519508362
41,1,1,1,0.3417661786079407
42,1,1,1,1.4101563692092896
43,1,1,1,1.6798598766326904
44,1,1,1,2.017451286315918
45,1,1,1,1.294726014137268
46,1,0,0,0.11569956690073013
47,1,1,1,0.28544339537620544
48,1,1,1,0.08438491821289062
49,1,1,1,0.6736888289451599
50,1,0,0,0.09643039107322693
51,1,1,1,1.4662328958511353
52,1,1,1,0.4748796820640564
53,1,1,1,0.5190132260322571
54,1,1,1,0.23903296887874603
55,1,1,1,0.755043089389801
56,1,1,1,0.08042730391025543
57,1,0,0,0.18786457180976868
58,1,1,1,0.1455163061618805
59,1,1,1,0.4494567811489105
60,1,0,0,0.46116864681243896
61,1,1,1,0.44376176595687866
62,1,0,0,0.37007656693458557
63,1,1,1,1.3490879535675049
64,1,1,1,0.8516867756843567
65,1,1,1,0.1720484346151352
66,1,1,1,-0.019470933824777603
67,1,1,1,0.23101063072681427
68,1,1,1,0.058274026960134506
69,1,1,1,0.47081130743026733
70,1,1,1,0.3764290511608124
71,1,0,0,0.40663158893585205
72,1,1,1,0.6494622826576233
73,1,1,1,0.7101547122001648
74,1,1,1,0.18026530742645264
75,1,0,0,0.5363587737083435
76,1,1,1,0.7266146540641785
77,1,1,1,0.42536792159080505
78,1,1,1,0.49742352962493896
79,1,0,0,0.0828428715467453
80,1,0,0,1.001948356628418
81,1,1,1,0.8196795582771301
82,1,0,0,1.5739636421203613
83,1,0,0,0.24498769640922546
84,1,1,1,0.7904738783836365
85,1,0,0,0.26154229044914246
86,1,1,1,0.09193611145019531
87,1,0,0,0.05976656824350357
88,1,1,1,0.1508474498987198
89,1,1,1,0.32520461082458496
90,1,1,1,0.19865049421787262
91,1,1,1,0.29120394587516785
92,1,0,0,0.26115962862968445
93,1,1,1,0.3969772756099701
94,1,0,0,0.8692896366119385
95,1,0,0,0.30259814858436584
96,1,1,1,0.9659505486488342
97,1,0,0,-0.050993628799915314
98,1,1,1,0.023514840751886368
99,1,0,0,1.976730227470398
100,1,0,0,0.6847492456436157
101,1,0,0,0.4561929404735565
102,1,1,1,-0.0008082911372184753
103,1,0,0,0.02131803147494793
104,1,0,0,0.42818525433540344
105,1,1,1,0.5748164653778076
106,1,0,0,0.4193357825279236
107,1,0,0,0.40527617931365967
108,1,0,0,0.4068290591239929
109,1,1,1,0.1440206915140152
110,1,0,0,0.4848152697086334
111,1,0,0,0.4091818928718567
112,1,0,0,0.5006167888641357
113,1,0,0,0.30089375376701355
114,1,0,0,1.078689455986023
115,1,1,1,0.1572256237268448
116,1,0,0,0.18279454112052917
117,1,1,1,0.06694629788398743
118,1,0,0,0.48140397667884827
119,1,1,1,0.1524161398410797
120,1,0,0,0.004752591252326965
121,1,0,0,0.6914622187614441
122,1,0,0,0.26012173295021057
123,1,1,1,0.45234164595603943
124,1,0,0,0.3444782793521881
125,1,0,0,0.07934221625328064
126,1,0,0,0.9147132039070129
127,1,1,1,0.6493121981620789
128,1,1,1,1.089599847793579
129,1,1,1,0.4843718409538269
130,1,1,1,-0.03560269996523857
131,1,0,0,0.6866605281829834
132,1,0,0,0.8861879706382751
133,1,1,1,0.6792630553245544
134,1,0,0,0.47979673743247986
135,1,1,1,0.2306624799966812
136,1,0,0,0.895283043384552
137,1,0,0,0.6461026072502136
138,1,0,0,0.2457771599292755
139,1,0,0,0.4718182682991028
140,1,1,1,0.2770950198173523
141,1,0,0,0.25395700335502625
142,1,0,0,0.05325000733137131
143,1,0,0,0.021863121539354324
144,1,1,1,0.6468527317047119
145,1,1,1,-0.05287659540772438
146,1,0,0,0.5031040906906128
147,1,0,0,0.30052611231803894
148,1,0,0,0.05475080385804176
149,1,0,0,0.1264227330684662
150,1,1,1,1.0306134223937988
151,1,1,1,0.8300127387046814
152,1,1,1,0.10838097333908081
153,1,1,1,0.6007083654403687
154,1,0,0,0.468620240688324
155,1,1,1,0.3511865735054016
156,1,0,0,0.2435866892337799
157,1,0,0,0.7646843791007996
158,1,0,0,0.06405337154865265
159,1,1,1,0.029809650033712387
160,1,1,1,0.2051694393157959
161,1,1,1,0.018896091729402542
162,1,1,1,0.04697654768824577
163,1,0,0,0.8647437691688538
164,1,1,1,-0.024264752864837646
165,1,0,0,0.6622811555862427
166,1,0,0,0.2705748975276947
167,1,0,0,0.6689382195472717
168,1,0,0,0.621587336063385
169,1,0,0,0.017264824360609055
170,1,0,0,0.2633499205112457
171,1,0,0,-0.007116127759218216
172,1,0,0,0.3954170346260071
173,1,0,0,1.1898245811462402
174,1,0,0,0.7435800433158875
175,1,0,0,0.5424628257751465
176,1,1,1,0.10777285695075989
177,1,1,1,0.34752708673477173
178,1,1,1,0.3423628807067871
179,1,1,1,-0.0022936128079891205
180,1,1,1,0.6484928727149963
181,1,1,1,0.256751149892807
182,1,1,1,0.045792583376169205
183,1,0,0,0.5974807143211365
184,1,1,1,0.12206211686134338
185,1,0,0,0.19787782430648804
186,1,0,0,0.3613014817237854
187,1,1,1,0.831322968006134
188,1,1,1,0.4630274474620819
189,1,0,0,0.22918564081192017
190,1,1,1,0.4494045376777649
191,1,0,0,1.1889817714691162
192,1,1,1,0.18512794375419617
193,1,0,0,1.9137468338012695
194,1,1,1,0.5539550185203552
195,1,1,1,0.33081144094467163
196,1,1,1,0.05686018988490105
197,1,0,0,-0.001842990517616272
198,1,1,1,0.5492209792137146
199,1,0,0,0.3944941461086273
200,1,0,0,0.5436649918556213
201,1,1,1,0.33443790674209595
202,1,0,0,0.15455472469329834
203,1,1,1,1.145221471786499
204,1,0,0,0.7457731366157532
205,1,1,1,0.48332494497299194
206,1,1,1,0.06263764202594757
207,1,1,1,0.013641227036714554
208,1,1,1,0.3769688606262207
209,1,0,0,0.2977205216884613
210,1,0,0,0.9127787947654724
211,1,1,1,0.8024395108222961
212,1,1,1,0.8425979018211365
213,1,1,1,0.18888576328754425
214,1,1,1,1.1503046751022339
215,1,1,1,0.0871070921421051
216,1,1,1,1.507758378982544
217,1,1,1,1.1154141426086426
218,1,1,1,0.5797454714775085
219,1,1,1,0.02953757718205452
220,1,0,0,0.6748740077018738
221,1,0,0,0.19140830636024475
222,1,0,0,0.11582515388727188
223,1,0,0,0.18286427855491638
224,1,1,1,0.19189538061618805
225,1,0,0,0.4173976182937622
226,1,0,0,0.3493368923664093
227,1,1,1,0.22965474426746368
228,1,0,0,0.27704918384552
229,1,1,1,0.9400372505187988
230,1,1,1,0.22568975389003754
231,1,1,1,0.5960825681686401
232,1,0,0,0.16251760721206665
233,1,1,1,0.27665871381759644
234,1,0,0,0.16621804237365723
235,1,1,1,0.08032669126987457
236,1,0,0,0.17756715416908264
237,1,1,1,0.5655917525291443
238,1,1,1,0.6168333888053894
239,1,1,1,0.4916849136352539
240,1,1,1,0.86394864320755
241,1,0,0,0.3664909899234772
242,1,0,0,0.37911322712898254
243,1,1,1,0.6602951288223267
244,1,1,1,0.7040252089500427
245,1,1,1,1.6584255695343018
246,1,0,0,0.15830624103546143
247,1,1,1,0.7902400493621826
248,1,0,0,0.04952641949057579
249,1,0,0,0.37247902154922485
250,1,1,1,0.7412916421890259
251,1,1,1,1.4917097091674805
252,1,1,1,1.182037353515625
253,1,1,1,0.4174463152885437
254,1,0,0,0.1172776147723198
255,0,1,0,0.08644986152648926
256,1,0,0,0.10084029287099838
257,1,1,1,1.1434400081634521
258,1,0,0,0.2511018216609955
259,1,1,1,1.0307986736297607
260,1,1,1,0.3665374219417572
261,1,1,1,1.1196682453155518
262,1,1,1,0.823162853717804
263,1,0,0,0.3697362244129181
264,1,0,0,0.5001967549324036
265,1,0,0,0.5702213644981384
266,1,0,0,0.014353305101394653
267,1,0,0,0.6922551989555359
268,1,1,1,1.6373004913330078
269,1,1,1,0.4007592797279358
270,1,1,1,0.9768199324607849
271,1,1,1,0.2883869409561157
272,1,0,0,0.14593170583248138
273,1,1,1,1.0340765714645386
274,1,0,0,0.3147473931312561
275,1,1,1,0.7894130349159241
276,1,0,0,0.6861249804496765
277,1,0,0,0.07019605487585068
278,1,1,1,0.17475543916225433
279,1,1,1,0.4357718825340271
280,1,0,0,0.5220271348953247
281,1,1,1,1.0519516468048096
282,1,0,0,0.7754350304603577
283,1,1,1,0.33626365661621094
284,1,0,0,0.4636566638946533
285,1,1,1,0.014279220253229141
286,1,1,1,1.0727864503860474
287,1,0,0,0.4903898239135742
288,1,1,1,1.5138996839523315
289,1,1,1,0.5436073541641235
290,1,0,0,0.4947214424610138
291,1,1,1,1.5210394859313965
292,1,1,1,0.008018489927053452
293,1,0,0,0.3849906325340271
294,1,0,0,1.1014553308486938
295,1,1,1,0.4997805953025818
296,1,1,1,0.24638162553310394
297,1,0,0,0.82607102394104
298,1,1,1,0.20322242379188538
299,1,0,0,1.1298855543136597
300,1,0,0,0.5228399038314819
301,1,1,1,0.08741512894630432
302,1,1,1,1.3893316984176636
303,1,1,1,0.8941126465797424
304,1,1,1,0.5955656170845032
305,1,1,1,0.40225857496261597
306,1,1,1,0.39057251811027527
307,1,0,0,1.4234590530395508
308,1,0,0,-0.008875548839569092
309,1,1,1,0.6238210797309875
310,1,1,1,0.39520642161369324
311,1,1,1,0.001084607094526291
312,1,0,0,0.9700913429260254
313,1,0,0,0.12439125031232834
314,1,1,1,0.5689629316329956
315,1,0,0,0.14367446303367615
316,1,1,1,0.31254392862319946
317,1,0,0,0.581375241279602
318,1,1,1,0.2054075002670288
319,1,1,1,0.8930688500404358
320,1,0,0,0.7707251906394958
321,1,0,0,0.6185299754142761
322,1,0,0,0.48533254861831665
323,1,1,1,0.4954432249069214
324,1,1,1,0.03730729594826698
325,1,0,0,0.6275192499160767
326,1,0,0,0.011107392609119415
327,1,0,0,0.5161587595939636
328,1,1,1,0.14408114552497864
329,1,0,0,0.4748866856098175
330,1,1,1,0.4387434422969818
331,1,1,1,0.6126881837844849
332,1,1,1,1.0010417699813843
333,1,0,0,0.45767146348953247
334,1,1,1,0.13382279872894287
335,1,1,1,0.7357013821601868
336,1,1,1,1.9677257537841797
337,1,1,1,-0.0161336250603199
338,1,1,1,2.0523462295532227
339,1,0,0,0.5408219695091248
340,1,0,0,0.7656213641166687
341,1,1,1,1.0402922630310059
342,1,0,0,1.1333979368209839
343,1,1,1,0.29595693945884705
344,1,1,1,0.5226364731788635
345,1,1,1,0.005668912082910538
346,1,1,1,0.38814669847488403
347,1,0,0,0.1328493058681488
348,1,0,0,0.3236759901046753
349,1,0,0,0.4225378632545471
350,1,0,0,0.030424129217863083
351,1,1,1,1.7996177673339844
352,1,1,1,0.17172712087631226
353,1,0,0,0.19106093049049377
354,1,1,1,0.4430488348007202
355,1,1,1,0.6888972520828247
356,1,1,1,0.27322477102279663
357,1,0,0,0.2618028223514557
358,1,1,1,0.1700921356678009
359,1,0,0,0.5842111706733704
360,1,1,1,0.3849301338195801
361,1,1,1,0.08652250468730927
362,1,0,0,0.2862469255924225
363,1,1,1,0.7566153407096863
364,1,0,0,0.10416670888662338
365,1,1,1,0.14495252072811127
366,1,1,1,0.02799965813755989
367,1,1,1,0.20503874123096466
368,1,0,0,-8.456408977508545e-05
369,1,0,0,0.16600611805915833
370,1,1,1,0.1817491054534912
371,1,1,1,1.3666857481002808
372,1,1,1,0.5243952870368958
373,1,1,1,0.6289107799530029
374,1,1,1,0.06911349296569824
375,1,1,1,0.3754921555519104
376,1,1,1,1.0188790559768677
377,1,1,1,0.0719309151172638
378,1,0,0,0.3010026812553406
379,1,1,1,0.20084165036678314
380,1,0,0,0.14273977279663086
381,1,1,1,0.7233198881149292
382,1,1,1,0.9364243149757385
383,1,1,1,1.0140016078948975
384,1,0,0,0.5051741600036621
385,1,1,1,0.5761427283287048
386,1,0,0,0.2438090741634369
387,1,1,1,0.7659035325050354
388,1,1,1,0.3499511778354645
389,1,0,0,0.08747920393943787
390,1,0,0,0.2673392593860626
391,1,0,0,0.009883202612400055
392,1,0,0,0.08584019541740417
393,1,1,1,0.21428616344928741
394,1,0,0,0.10712091624736786
395,1,1,1,0.6110014319419861
396,1,0,0,0.5126091837882996
397,1,0,0,0.3968989849090576
398,1,1,1,0.1198362410068512
399,1,1,1,0.5029863119125366
400,1,1,1,0.5967990756034851
401,1,0,0,0.89644855260849
402,1,0,0,0.1132577434182167
403,1,0,0,0.1739467978477478
404,1,0,0,0.26143479347229004
405,1,0,0,0.014672443270683289
406,1,0,0,0.3898543417453766
407,1,1,1,1.2416329383850098
408,1,1,1,0.3997572064399719
409,1,1,1,0.07925093173980713
410,1,1,1,0.16061052680015564
411,1,0,0,0.1911451816558838
412,1,1,1,0.07578490674495697
413,1,1,1,0.023939955979585648
414,1,1,1,0.46753495931625366
415,1,0,0,0.582071840763092
416,1,1,1,0.37033066153526306
417,1,1,1,0.031424980610609055
418,1,1,1,0.060946691781282425
419,1,1,1,0.5027991533279419
420,1,1,1,0.6777482628822327
421,1,1,1,0.9065178632736206
422,1,0,0,0.48765844106674194
423,1,1,1,0.0648062527179718
424,1,1,1,0.7238132357597351
425,1,1,1,0.29685866832733154
426,1,0,0,0.6276898980140686
427,1,0,0,0.26563164591789246
428,1,1,1,0.46060383319854736
429,1,1,1,0.41756388545036316
430,1,1,1,0.022668026387691498
431,1,0,0,0.33171868324279785
432,1,1,1,1.2477569580078125
433,1,1,1,0.8371679186820984
434,1,1,1,0.5800725817680359
435,1,1,1,0.9844215512275696
436,1,0,0,0.04656437784433365
437,1,1,1,2.4390525817871094
438,1,0,0,0.010050062090158463
439,1,1,1,0.3438078761100769
440,1,1,1,0.09373293817043304
441,1,1,1,0.6561968326568604
442,1,0,0,0.19524848461151123
443,1,1,1,0.5245064496994019
444,1,0,0,0.27749961614608765
445,1,1,1,0.5487182140350342
446,1,1,1,0.9053415060043335
447,1,0,0,0.3200768232345581
448,1,0,0,0.15330660343170166
449,1,1,1,1.1995875835418701
450,1,1,1,0.8255898356437683
451,1,0,0,0.21229848265647888
452,1,1,1,0.4344273805618286
453,1,1,1,0.41175103187561035
454,1,1,1,0.43657606840133667
455,1,0,0,-0.006238669157028198
456,1,1,1,0.560268223285675
457,1,1,1,0.7922773361206055
458,1,0,0,0.10401720553636551
459,1,0,0,0.09461279213428497
460,1,0,0,0.4461486041545868
461,1,1,1,0.5372452139854431
462,1,0,0,0.3798068165779114
463,1,0,0,0.012689843773841858
464,1,1,1,0.32594531774520874
465,1,1,1,0.042773980647325516
466,1,0,0,0.2701566517353058
467,1,1,1,0.670535683631897
468,1,1,1,0.8353167176246643
469,1,1,1,0.5994136929512024
470,1,0,0,0.2967306971549988
471,1,0,0,0.20652639865875244
472,1,1,1,1.3892161846160889
473,1,0,0,0.26133784651756287
474,1,0,0,0.4891411066055298
475,1,0,0,0.5492838025093079
476,1,1,1,0.7363371849060059
477,1,1,1,0.756391704082489
478,1,1,1,0.5316022038459778
479,1,1,1,1.3457292318344116
480,1,1,1,0.20410427451133728
481,1,1,1,0.8780198693275452
482,1,1,1,0.03263673558831215
483,1,1,1,-0.0017462000250816345
484,1,0,0,0.040394850075244904
485,1,0,0,0.18892475962638855
486,1,0,0,0.16161823272705078
487,1,1,1,0.35886186361312866
488,1,1,1,1.4618899822235107
489,1,1,1,0.016882266849279404
490,1,0,0,0.07326048612594604
491,1,1,1,0.12427577376365662
492,1,0,0,0.40886059403419495
493,1,0,0,-0.0025306902825832367
494,1,1,1,0.34402996301651
495,1,0,0,0.1019110456109047
496,1,1,1,0.08944736421108246
497,1,0,0,0.08428414165973663
498,1,1,1,0.4465344250202179
499,1,0,0,0.13802367448806763
500,1,1,1,0.04369373992085457
501,1,0,0,0.44259464740753174
502,1,1,1,0.5245428681373596
503,1,0,0,0.02104700729250908
504,1,0,0,0.5733731389045715
505,1,0,0,0.3235238492488861
506,1,0,0,0.5204861164093018
507,1,0,0,0.7552115321159363
508,1,0,0,0.6437825560569763
509,1,1,1,0.4968673586845398
510,1,0,0,0.25229397416114807
511,1,1,1,1.4015610218048096
512,1,0,0,0.11766006797552109
513,1,0,0,0.3158664405345917
514,1,0,0,0.521300733089447
515,1,0,0,0.1959705352783203
516,1,0,0,0.4694417715072632
517,1,0,0,0.21547779440879822
518,1,0,0,0.11189990490674973
519,1,0,0,0.022948529571294785
520,1,0,0,-0.002347208559513092
521,1,1,1,0.12995821237564087
522,1,1,1,0.15897922217845917
523,1,0,0,0.38935455679893494
524,1,0,0,0.7338062524795532
525,1,1,1,0.6337466835975647
526,1,0,0,-0.018689431250095367
527,1,1,1,0.1011732667684555
528,1,0,0,0.5040629506111145
529,1,1,1,1.193053960800171
530,1,0,0,0.3725765347480774
531,1,1,1,0.6773472428321838
532,1,1,1,0.2728824317455292
533,1,0,0,1.0222293138504028
534,1,0,0,0.0417838916182518
535,1,1,1,0.32434070110321045
536,1,1,1,0.24479670822620392
537,1,0,0,0.018781160935759544
538,1,1,1,1.1822497844696045
539,1,0,0,0.6731029152870178
540,1,1,1,1.2372474670410156
541,1,1,1,0.19498451054096222
542,1,0,0,0.9575543999671936
543,1,1,1,0.3972982168197632
544,1,0,0,0.1331169754266739
545,1,1,1,0.21278870105743408
546,1,0,0,0.4460449516773224
547,1,1,1,0.6915766000747681
548,1,1,1,-0.013826902955770493
549,1,0,0,0.4598780870437622
550,1,1,1,0.22134141623973846
551,1,0,0,0.23061558604240417
552,1,0,0,0.5815890431404114
553,1,1,1,0.42621833086013794
554,1,1,1,0.6784085631370544
555,1,0,0,0.024065349251031876
556,1,0,0,0.3176715075969696
557,1,0,0,0.050416816025972366
558,1,0,0,0.33574366569519043
559,1,1,1,0.5592954754829407
560,1,0,0,0.2556270360946655
561,1,1,1,0.4903210401535034
562,1,1,1,0.7917537093162537
563,1,0,0,0.5006294846534729
564,1,0,0,0.06697256863117218
565,1,1,1,0.8666999340057373
566,1,0,0,0.6279141306877136
567,1,1,1,1.0764449834823608
568,1,1,1,0.23181210458278656
569,1,0,0,0.3859058618545532
570,1,1,1,0.6684785485267639
571,1,1,1,0.12625692784786224
572,1,1,1,0.5290201306343079
573,1,0,0,0.679191529750824
574,1,0,0,0.37630632519721985
575,1,1,1,0.7423819899559021
576,1,1,1,0.1525297313928604
577,1,1,1,0.8051902651786804
578,1,1,1,0.3507017493247986
579,1,0,0,0.2857128083705902
580,1,0,0,0.3490608334541321
581,1,1,1,0.5666101574897766
582,1,1,1,0.049436990171670914
583,1,0,0,0.11949415504932404
584,1,0,0,0.25504058599472046
585,1,1,1,-0.016423072665929794
586,1,1,1,0.15721067786216736
587,1,1,1,0.43388450145721436
588,1,0,0,0.7482951283454895
589,1,1,1,0.213601753115654
590,1,1,1,0.3217926323413849
591,1,0,0,0.15234041213989258
592,1,1,1,0.11519399285316467
593,1,0,0,0.4568202793598175
594,1,0,0,0.4732329845428467
595,1,1,1,0.18050682544708252
596,1,0,0,0.8055678009986877
597,1,0,0,0.2637254595756531
598,1,1,1,0.6623154878616333
599,1,0,0,0.3407928943634033
600,1,0,0,0.5186859369277954
601,1,1,1,1.352012276649475
602,1,0,0,0.035091500729322433
603,1,1,1,0.5809154510498047
604,1,0,0,0.481940358877182
605,1,0,0,0.10059899836778641
606,1,0,0,0.30613258481025696
607,1,0,0,0.28589916229248047
608,1,0,0,0.2971819341182709
609,1,1,1,0.16972492635250092
610,1,0,0,0.37227317690849304
611,1,0,0,0.12173770368099213
612,1,1,1,0.05891186371445656
613,1,0,0,0.21490085124969482
614,1,0,0,0.138313889503479
615,1,0,0,0.2391524314880371
616,1,1,1,0.7401862740516663
617,1,1,1,0.4269815981388092
618,1,1,1,0.27583783864974976
619,1,1,1,0.6910150647163391
620,1,1,1,1.5471038818359375
621,1,1,1,0.2562476098537445
622,1,0,0,0.256065309047699
623,1,1,1,0.12490986287593842
624,1,1,1,0.648027241230011
625,1,1,1,0.42842698097229004
626,1,0,0,0.14531512558460236
627,1,1,1,0.143085777759552
628,1,1,1,0.7930448651313782
629,1,1,1,1.5650702714920044
630,1,1,1,1.4623661041259766
631,1,1,1,1.000878095626831
632,1,1,1,0.1718403548002243
633,1,0,0,0.18739935755729675
634,1,1,1,0.6162219643592834
635,1,1,1,0.6422954201698303
636,1,1,1,0.0242559053003788
637,1,1,1,0.9784801602363586
638,1,0,0,0.48153871297836304
639,1,1,1,0.5944831967353821
640,1,1,1,0.7746713757514954
641,1,0,0,0.3288390636444092
642,1,1,1,1.2611072063446045
643,1,1,1,0.2020915448665619
644,1,1,1,1.937301516532898
645,1,0,0,-0.009258244186639786
646,1,1,1,0.07889840006828308
647,1,1,1,0.490328848361969
648,1,0,0,0.3230050802230835
649,1,1,1,1.4819566011428833
650,1,0,0,0.3670717775821686
651,1,0,0,0.2384321689605713
652,1,1,1,0.5526946187019348
653,1,0,0,0.014105107635259628
654,1,0,0,0.396842896938324
655,1,1,1,0.023158881813287735
656,1,0,0,0.16179320216178894
657,1,0,0,0.005285412073135376
658,1,0,0,0.2690999507904053
659,1,0,0,0.040522899478673935
660,1,0,0,0.430463582277298
661,1,0,0,0.6513148546218872
662,1,1,1,0.7497374415397644
663,1,0,0,0.5414604544639587
664,1,1,1,0.047765690833330154
665,1,1,1,0.40711456537246704
666,1,1,1,1.133231282234192
667,1,0,0,0.05563890188932419
668,1,0,0,0.1892205774784088
669,1,1,1,0.043486613780260086
670,1,1,1,1.5358589887619019
671,1,1,1,0.37739378213882446
672,1,0,0,0.7956878542900085
673,1,1,1,1.6209783554077148
674,1,1,1,0.20314103364944458
675,1,1,1,0.10701446235179901
676,1,1,1,0.49488115310668945
677,1,0,0,0.6697229743003845
678,1,1,1,0.13534530997276306
679,1,1,1,0.8094382882118225
680,1,1,1,0.23275525867938995
681,1,1,1,0.15933488309383392
682,1,0,0,0.1898568570613861
683,1,0,0,0.33693307638168335
684,1,0,0,0.4694882929325104
685,1,1,1,0.35077103972435
686,1,0,0,0.05063163489103317
687,1,0,0,0.07884187251329422
688,1,1,1,0.5717986226081848
689,1,1,1,0.06854194402694702
690,1,0,0,0.34053564071655273
691,1,1,1,0.25936242938041687
692,1,0,0,1.005615472793579
693,1,1,1,0.2701103389263153
694,1,1,1,0.5374341011047363
695,1,0,0,0.26993975043296814
696,1,1,1,1.8232285976409912
697,1,1,1,1.9657912254333496
698,1,0,0,-0.020047560334205627
699,1,1,1,2.0829875469207764
700,1,1,1,1.995295763015747
701,1,1,1,2.1216483116149902
702,1,1,1,1.7217046022415161
703,1,1,1,1.8607244491577148
704,1,1,1,2.186117172241211
705,1,1,1,1.9112718105316162
706,1,1,1,2.1065499782562256
707,1,1,1,2.1016876697540283
708,1,1,1,0.21267640590667725
709,1,1,1,0.3532109260559082
710,1,1,1,1.4478492736816406
711,1,1,1,0.9275707602500916
712,1,0,0,-0.03303878754377365
713,1,1,1,0.2583494782447815
714,1,0,0,0.2851554751396179
715,1,1,1,0.07227090001106262
716,1,1,1,0.44245171546936035
717,1,1,1,0.3297273516654968
718,1,0,0,0.12131526321172714
719,1,1,1,0.7090258002281189
720,1,0,0,0.05335789546370506
721,1,1,1,1.8566123247146606
722,1,1,1,0.1794564574956894
723,1,0,0,0.8045908808708191
724,1,1,1,0.4410547614097595
725,1,1,1,0.10328446328639984
726,1,1,1,0.027646806091070175
727,1,1,1,0.21796654164791107
728,1,1,1,0.9008376002311707
729,1,1,1,0.38268131017684937
730,1,1,1,0.6749491691589355
731,1,0,0,0.3514525592327118
732,1,1,1,0.31354331970214844
733,1,1,1,0.4413662254810333
734,1,1,1,0.5843334197998047
735,1,0,0,0.20190823078155518
736,1,0,0,0.02435983717441559
737,1,1,1,0.8670666813850403
738,1,1,1,0.5208041071891785
739,1,1,1,0.37404417991638184
740,1,1,1,0.061425987631082535
741,1,1,1,0.5079397559165955
742,1,0,0,0.3661559224128723
743,1,1,1,0.2846692204475403
744,1,0,0,0.4494359493255615
745,1,1,1,0.06879980862140656
746,1,0,0,0.08862349390983582
747,1,1,1,0.09450902044773102
748,1,0,0,0.2812780737876892
749,1,1,1,1.294133186340332
750,1,0,0,0.052322112023830414
751,1,1,1,0.07507583498954773
752,1,1,1,0.7270975708961487
753,1,1,1,0.2057286649942398
754,1,1,1,-0.0013248436152935028
755,1,1,1,0.004488777369260788
756,1,1,1,1.2464871406555176
757,1,1,1,0.4604150950908661
758,1,1,1,0.144230917096138
759,1,1,1,1.4841139316558838
760,1,1,1,0.05283198133111
761,1,1,1,0.02086542174220085
762,1,1,1,0.992953360080719
763,1,0,0,0.03314723074436188
764,1,1,1,0.1279197782278061
765,1,0,0,0.12841112911701202
766,1,1,1,0.9923772215843201
767,1,0,0,-0.017952818423509598
768,1,0,0,0.2259862720966339
769,1,0,0,0.6370899081230164
770,1,0,0,0.42429405450820923
771,1,0,0,0.6812362670898438
772,1,1,1,0.5050274729728699
773,1,1,1,0.5555193424224854
774,1,1,1,0.9654608368873596
775,1,1,1,0.6991031169891357
776,1,0,0,0.22704541683197021
777,1,0,0,0.24986040592193604
778,1,0,0,0.2421824038028717
779,1,0,0,0.08438427001237869
780,1,0,0,0.056930676102638245
781,1,0,0,0.833803117275238
782,1,0,0,0.422224223613739
783,1,0,0,0.8191007971763611
784,1,1,1,0.0966382771730423
785,1,1,1,0.2855610251426697
786,1,1,1,0.8837688565254211
787,1,1,1,0.8220914006233215
788,1,0,0,0.3787094056606293
789,1,1,1,0.2093067318201065
790,1,0,0,0.38583818078041077
791,1,0,0,0.8567383289337158
792,1,0,0,0.6715866327285767
793,1,1,1,0.49299126863479614
794,1,0,0,0.21977201104164124
795,1,1,1,0.05360282585024834
796,1,1,1,0.05683434382081032
797,1,1,1,0.74234938621521
798,1,0,0,0.5883662700653076
799,1,0,0,0.02007567137479782
800,1,0,0,0.6691017746925354
801,1,1,1,1.0356382131576538
802,1,1,1,0.5793257355690002
803,1,1,1,2.1919970512390137
804,1,0,0,0.46158963441848755
805,1,1,1,1.3912819623947144
806,1,1,1,0.7076930403709412
807,1,1,1,0.39152687788009644
808,1,0,0,1.2657853364944458
809,1,0,0,0.9155095219612122
810,1,0,0,0.8188597559928894
811,1,0,0,0.45456820726394653
812,1,0,0,2.1077229976654053
813,1,0,0,0.9269363880157471
814,1,0,0,0.8769955635070801
815,1,0,0,0.4230119287967682
816,1,1,1,0.08325771987438202
817,1,0,0,0.507842481136322
818,1,0,0,0.5712078809738159
819,1,1,1,0.24788425862789154
820,1,1,1,0.40969330072402954
821,1,0,0,0.21907386183738708
822,1,1,1,0.4630313813686371
823,1,1,1,0.9975505471229553
824,1,1,1,0.355593204498291
825,1,1,1,1.0202622413635254
826,1,1,1,0.9107725024223328
827,1,1,1,1.0117785930633545
828,1,1,1,0.5825892090797424
829,1,1,1,1.1929078102111816
830,1,0,0,0.4136982560157776
831,1,0,0,0.19702300429344177
832,1,0,0,0.43154293298721313
833,1,0,0,0.34621140360832214
834,1,1,1,0.31872308254241943
835,1,1,1,0.04809122160077095
836,1,0,0,0.2563336491584778
837,1,0,0,0.123558908700943
838,1,1,1,0.7190749645233154
839,1,1,1,1.1090872287750244
840,1,0,0,0.06791441142559052
841,1,1,1,0.7054875493049622
842,1,1,1,0.18863315880298615
843,1,1,1,0.7408304810523987
844,1,1,1,-0.03052857145667076
845,1,1,1,0.20095393061637878
846,1,1,1,0.6958809494972229
847,1,0,0,0.4745827913284302
848,1,1,1,0.10255612432956696
849,1,1,1,0.2078748196363449
850,1,1,1,0.5176011919975281
851,1,1,1,0.3135021924972534
852,1,1,1,0.2489480823278427
853,1,0,0,0.4572368264198303
854,1,1,1,0.04859532043337822
855,1,1,1,0.04459669068455696
856,1,1,1,0.42104190587997437
857,1,1,1,0.3880166709423065
858,1,1,1,0.23214302957057953
859,1,1,1,0.4022107720375061
860,1,1,1,0.8042750954627991
861,1,0,0,0.06743379682302475
862,1,0,0,0.08822982013225555
863,1,0,0,0.33178529143333435
864,1,0,0,0.4575057029724121
865,1,1,1,0.6773636937141418
866,1,1,1,0.47075706720352173
867,1,1,1,1.1181493997573853
868,1,1,1,0.6097010970115662
869,1,0,0,0.2771466076374054
870,1,1,1,1.2131348848342896
871,1,1,1,0.24063898622989655
872,1,1,1,1.0372450351715088
873,1,1,1,0.9141978025436401
874,1,0,0,0.3131287097930908
875,1,1,1,0.016864191740751266
876,1,0,0,0.1906416118144989
877,1,0,0,0.1838461458683014
878,1,1,1,0.1540403813123703
879,1,1,1,0.15637575089931488
880,1,1,1,0.48551106452941895
881,1,0,0,0.25603851675987244
882,1,1,1,0.6954506039619446
883,1,0,0,1.5369752645492554
884,1,0,0,1.0234616994857788
885,1,0,0,1.6536571979522705
886,1,1,1,0.7245710492134094
887,1,1,1,1.9033194780349731
888,1,1,1,2.017176866531372
889,1,1,1,0.5765281915664673
890,1,1,1,0.9205698370933533
891,1,0,0,0.09909588098526001
892,1,1,1,0.17643298208713531
893,1,1,1,2.315340995788574
894,1,1,1,1.1180903911590576
895,0,1,0,0.4556269645690918
896,1,1,1,0.3056601285934448
897,1,0,0,0.7419582605361938
898,1,0,0,0.4864942133426666
899,1,1,1,0.10998867452144623
900,1,0,0,0.7467729449272156
901,1,0,0,0.3195555806159973
902,1,1,1,0.003608662635087967
903,1,0,0,1.3334136009216309
904,1,0,0,0.20114153623580933
905,1,1,1,1.3764474391937256
906,1,1,1,0.9967458844184875
907,1,1,1,0.04660608246922493
908,1,1,1,1.7641807794570923
909,1,1,1,0.4587268829345703
910,1,1,1,2.0960686206817627
911,1,1,1,0.43189913034439087
912,1,1,1,0.6095752120018005
913,1,0,0,0.020880185067653656
914,1,0,0,0.21360883116722107
915,1,1,1,1.2791208028793335
916,1,1,1,0.07290764153003693
917,1,1,1,0.5556535720825195
918,1,0,0,0.12761980295181274
919,1,0,0,0.18745562434196472
920,1,0,0,0.12301125377416611
921,1,1,1,1.015553593635559
922,1,1,1,0.09284317493438721
923,1,1,1,0.7534469962120056
924,1,1,1,0.39710456132888794
925,1,0,0,0.6036338806152344
926,1,0,0,0.38580322265625
927,1,1,1,1.7145634889602661
928,1,1,1,0.2582283914089203
929,1,0,0,0.018155651167035103
930,1,1,1,0.8296228051185608
931,1,0,0,0.01685158908367157
932,1,0,0,0.20304176211357117
933,1,1,1,0.5095436573028564
934,1,1,1,1.0344903469085693
935,1,1,1,2.0262057781219482
936,1,1,1,0.5092739462852478
937,1,1,1,1.990684986114502
938,1,0,0,-0.04637261480093002
939,1,1,1,0.4771466851234436
940,1,1,1,1.7960283756256104
941,1,1,1,1.7574477195739746
942,1,0,0,0.6583896279335022
943,1,1,1,1.492013931274414
944,1,0,0,0.4165666103363037
945,1,1,1,0.035319674760103226
946,1,1,1,0.5353386402130127
947,1,0,0,0.3337399661540985
948,1,0,0,0.7666935324668884
949,1,1,1,0.022817250341176987
950,0,0,1,1.1587481498718262
951,1,1,1,0.961039662361145
952,1,1,1,0.18947964906692505
953,1,0,0,0.46385541558265686
954,1,1,1,0.4416530132293701
955,1,0,0,0.302554190158844
956,1,1,1,0.14164316654205322
957,1,0,0,0.21124881505966187
958,1,0,0,0.10414199531078339
959,1,0,0,0.66340571641922
960,1,1,1,0.11450356245040894
961,1,1,1,0.0409119613468647
962,1,1,1,0.0035431645810604095
963,1,1,1,-0.017329778522253036
964,1,0,0,0.29657208919525146
965,1,0,0,-0.014344967901706696
966,1,1,1,0.24868766963481903
967,1,1,1,0.5240674018859863
968,1,0,0,0.13811463117599487
969,1,0,0,0.5775375962257385
970,1,0,0,0.12634727358818054
971,1,1,1,0.6092720627784729
972,1,0,0,0.6024187207221985
973,1,0,0,0.7549682855606079
974,1,1,1,1.9561045169830322
975,1,0,0,0.8165917992591858
976,1,1,1,0.2517731487751007
977,1,0,0,0.6432778239250183
978,1,0,0,1.2939021587371826
979,1,0,0,0.77201908826828
980,1,1,1,0.5455382466316223
981,1,0,0,0.28527945280075073
982,1,0,0,0.03454413264989853
983,1,0,0,1.3135223388671875
984,1,0,0,1.3765945434570312
985,1,0,0,0.3395010232925415
986,1,0,0,0.29119673371315
987,1,0,0,0.6741984486579895
988,1,0,0,0.6017886996269226
989,1,1,1,0.8991944193840027
990,1,0,0,0.5296322703361511
991,1,0,0,1.2215087413787842
992,1,1,1,0.4991210699081421
993,1,1,1,0.068344846367836
994,1,0,0,1.1437855958938599
995,0,1,0,0.46065330505371094
996,0,1,0,0.48242276906967163
997,0,1,0,1.2600407600402832
998,0,1,0,1.5085208415985107
999,0,1,0,0.5298689007759094
1000,0,1,0,1.0080066919326782
1001,0,1,0,0.8060076236724854
1002,0,1,0,1.829746961593628
1003,0,1,0,0.8501529097557068
1004,0,1,0,0.36940377950668335
1005,0,1,0,1.9960508346557617
1006,0,1,0,1.5717154741287231
1007,0,0,1,0.22249475121498108
1008,0,1,0,0.05004669353365898
1009,0,0,1,0.12656858563423157
1010,0,1,0,1.6915123462677002
1011,0,1,0,0.8604992032051086
1012,0,1,0,2.137730598449707
1013,0,1,0,0.94263756275177
1014,0,1,0,0.9318487644195557
1015,0,1,0,1.7020432949066162
1016,0,1,0,2.030583381652832
1017,0,0,1,0.5637395977973938
1018,0,1,0,1.6172202825546265
1019,0,1,0,1.953118920326233
1020,0,1,0,2.1187491416931152
1021,0,1,0,2.0680909156799316
1022,0,1,0,2.0420544147491455
1023,0,1,0,1.5148546695709229
1024,0,1,0,2.0340304374694824
1025,0,1,0,1.7254276275634766
1026,0,1,0,2.115812063217163
1027,0,1,0,1.9990949630737305
1028,0,1,0,1.363162636756897
1029,0,1,0,2.195143938064575
1030,0,1,0,1.3144547939300537
1031,0,1,0,0.38053491711616516
1032,0,1,0,1.8076311349868774
1033,0,1,0,1.413845181465149
1034,0,1,0,1.1029670238494873
1035,0,1,0,1.841827154159546
1036,0,1,0,1.5078685283660889
1037,0,1,0,1.698641300201416
1038,0,1,0,1.9883201122283936
1039,0,1,0,1.1376947164535522
1040,0,1,0,1.9071483612060547
1041,0,1,0,1.8836758136749268
1042,0,1,0,1.5205388069152832
1043,0,1,0,2.122372627258301
1044,0,1,0,1.4865870475769043
1045,0,1,0,1.8580745458602905
1046,0,1,0,2.030050277709961
1047,0,1,0,2.0389161109924316
1048,0,1,0,2.0142524242401123
1049,0,1,0,1.1226485967636108
1050,0,1,0,2.166677474975586
1051,0,1,0,1.8598891496658325
1052,0,1,0,2.0706493854522705
1053,0,1,0,1.9122637510299683
1054,0,1,0,1.6143333911895752
1055,0,1,0,1.7023377418518066
1056,0,1,0,1.6414337158203125
1057,0,1,0,1.6073687076568604
1058,0,1,0,1.8213183879852295
1059,0,1,0,1.8680588006973267
1060,0,1,0,1.887066125869751
1061,0,1,0,1.5847645998001099
1062,0,1,0,1.7773264646530151
1063,0,1,0,1.888232946395874
1064,0,1,0,1.7265052795410156
1065,0,1,0,1.4880926609039307
1066,0,1,0,1.5775032043457031
1067,0,1,0,1.9080688953399658
1068,0,1,0,2.0378804206848145
1069,0,1,0,1.5304107666015625
1070,0,1,0,1.0780086517333984
1071,0,1,0,1.2026112079620361
1072,0,1,0,1.9274648427963257
1073,0,1,0,2.1170620918273926
1074,0,1,0,1.870724081993103
1075,0,1,0,0.47818809747695923
1076,0,1,0,1.9088259935379028
1077,0,1,0,1.752913475036621
1078,0,1,0,2.1474406719207764
1079,0,1,0,1.795621633529663
1080,0,1,0,1.9201637506484985
1081,0,1,0,1.912551999092102
1082,0,1,0,2.0038275718688965
1083,0,1,0,1.9229296445846558
1084,0,1,0,2.0502371788024902
1085,0,1,0,2.139828681945801
1086,0,1,0,1.998337984085083
1087,0,1,0,0.28663426637649536
1088,0,1,0,1.1327595710754395
1089,0,1,0,2.0306005477905273
1090,0,1,0,1.8131825923919678
1091,0,0,1,0.37170058488845825
1092,0,1,0,1.797147274017334
1093,0,1,0,1.26887845993042
1094,0,1,0,1.276674509048462
1095,0,1,0,1.7304396629333496
1096,0,1,0,0.8071909546852112
1097,0,1,0,1.3549383878707886
1098,0,1,0,2.1649646759033203
1099,0,1,0,1.9867031574249268
1100,0,1,0,0.33851873874664307
1101,0,1,0,1.1012234687805176
1102,0,1,0,1.5588178634643555
1103,0,1,0,1.6483478546142578
1104,0,1,0,1.5694812536239624
1105,0,1,0,1.3159583806991577
1106,0,1,0,1.8248987197875977
1107,0,1,0,1.2685022354125977
1108,0,1,0,1.1429997682571411
1109,0,1,0,1.546706199645996
1110,0,1,0,1.1568045616149902
1111,0,1,0,0.9655182957649231
1112,0,1,0,0.6333491206169128
1113,0,1,0,1.494267463684082
1114,0,1,0,0.764279305934906
1115,0,0,1,0.12466586381196976
1116,0,1,0,0.7006653547286987
1117,0,1,0,1.1133863925933838
1118,0,1,0,1.8707680702209473
1119,0,1,0,2.086789131164551
1120,0,1,0,1.4500067234039307
1121,0,1,0,1.2201812267303467
1122,0,1,0,2.1088366508483887
1123,0,1,0,2.087826728820801
1124,0,1,0,1.960396647453308
1125,0,1,0,1.9634692668914795
1126,0,1,0,1.6523628234863281
1127,0,1,0,0.2551777958869934
1128,0,1,0,2.179245948791504
1129,0,1,0,2.108372688293457
1130,0,1,0,1.5372872352600098
1131,0,1,0,1.9142425060272217
1132,0,1,0,2.075822353363037
1133,0,1,0,2.1944611072540283
1134,0,1,0,1.8123658895492554
1135,0,1,0,2.033318519592285
1136,0,1,0,1.4990284442901611
1137,0,1,0,1.9403201341629028
1138,0,1,0,2.033186912536621
1139,0,1,0,1.9463798999786377
1140,0,1,0,1.9856560230255127
1141,0,1,0,1.7353267669677734
1142,0,1,0,2.01068115234375
1143,0,1,0,1.5172247886657715
1144,0,1,0,1.1890904903411865
1145,0,1,0,1.8371095657348633
1146,0,1,0,2.128492832183838
1147,0,1,0,1.9426854848861694
1148,0,1,0,2.117734909057617
1149,0,1,0,1.8597209453582764
1150,0,1,0,1.1733238697052002
1151,0,1,0,2.195021152496338
1152,0,1,0,1.2422826290130615
1153,0,1,0,2.33886456489563
1154,0,1,0,2.1959640979766846
1155,0,1,0,1.9465737342834473
1156,0,1,0,2.0459847450256348
1157,0,1,0,1.9026873111724854
1158,0,1,0,2.1295526027679443
1159,0,1,0,1.8445870876312256
1160,0,1,0,0.5860571265220642
1161,0,1,0,2.1310970783233643
1162,0,1,0,2.0629191398620605
1163,0,1,0,2.0355422496795654
1164,0,1,0,2.168653726577759
1165,0,1,0,1.897925853729248
1166,0,1,0,1.855943202972412
1167,0,1,0,1.8195936679840088
1168,0,1,0,1.8471434116363525
1169,0,1,0,1.662731647491455
1170,0,1,0,1.9871082305908203
1171,0,1,0,1.925739049911499
1172,0,1,0,1.542189598083496
1173,0,1,0,1.935783863067627
1174,0,1,0,1.454803466796875
1175,0,1,0,1.966827154159546
1176,0,1,0,1.7616907358169556
1177,0,1,0,2.1843624114990234
1178,0,1,0,1.9283065795898438
1179,0,1,0,1.9221763610839844
1180,0,1,0,2.1052803993225098
1181,0,1,0,1.3429648876190186
1182,0,1,0,1.9798343181610107
1183,0,1,0,1.4880620241165161
1184,0,1,0,1.7842814922332764
1185,0,1,0,0.9441060423851013
1186,0,1,0,0.8693508505821228
1187,0,1,0,1.9129393100738525
1188,0,1,0,1.8769609928131104
1189,0,1,0,1.9503076076507568
1190,0,1,0,1.757522702217102
1191,0,1,0,2.191117525100708
1192,0,1,0,1.951360821723938
1193,0,1,0,1.5143688917160034
1194,0,1,0,2.083723545074463
1195,0,1,0,1.7090975046157837
1196,0,1,0,1.5554711818695068
1197,0,1,0,1.1630361080169678
1198,0,1,0,1.4604250192642212
1199,0,1,0,1.6999180316925049
1200,0,1,0,1.165325403213501
1201,0,1,0,1.548940658569336
1202,0,1,0,2.112027883529663
1203,0,1,0,2.1570279598236084
1204,0,1,0,1.5626857280731201
1205,0,1,0,1.9066002368927002
1206,0,1,0,1.026865005493164
1207,0,1,0,1.2324285507202148
1208,0,1,0,0.9634609818458557
1209,0,1,0,2.0416133403778076
1210,0,1,0,2.066218376159668
1211,0,1,0,1.9611729383468628
1212,0,1,0,1.9551031589508057
1213,0,1,0,0.8647102117538452
1214,0,1,0,1.6704362630844116
1215,0,1,0,1.935486078262329
1216,0,1,0,1.7165794372558594
1217,0,1,0,0.7502720355987549
1218,0,1,0,0.7662811875343323
1219,0,1,0,1.8533921241760254
1220,0,1,0,0.7598340511322021
1221,0,1,0,1.873781681060791
1222,0,1,0,1.6826226711273193
1223,0,1,0,1.451217770576477
1224,0,1,0,1.7484877109527588
1225,0,1,0,2.0230753421783447
1226,0,1,0,2.065519332885742
1227,0,1,0,2.094188690185547
1228,0,1,0,2.0280818939208984
1229,0,1,0,1.9174213409423828
1230,0,1,0,2.0317230224609375
1231,0,1,0,1.978799819946289
1232,0,1,0,1.9641342163085938
1233,0,1,0,1.871403694152832
1234,0,1,0,1.83999502658844
1235,0,1,0,2.1475963592529297
1236,0,1,0,2.100710391998291
1237,0,1,0,1.9852418899536133
1238,0,1,0,1.8614732027053833
1239,0,1,0,1.643233060836792
1240,0,1,0,2.0430331230163574
1241,0,1,0,0.4177187979221344
1242,0,0,1,0.49236539006233215
1243,0,0,1,0.14616510272026062
1244,0,0,1,0.16681405901908875
1245,0,0,1,-0.027211107313632965
1246,0,1,0,0.5651455521583557
1247,0,1,0,-0.0217653326690197
1248,0,1,0,0.09777507185935974
1249,0,1,0,0.59028559923172
1250,0,1,0,0.5769584774971008
1251,0,1,0,0.24147264659404755
1252,0,1,0,0.7003762125968933
1253,0,0,1,1.5097838640213013
1254,0,1,0,0.5919511318206787
1255,0,1,0,0.3366815745830536
1256,0,0,1,0.5234869718551636
1257,0,0,1,0.06492792814970016
1258,0,1,0,0.23276756703853607
1259,0,1,0,0.05161042883992195
1260,0,1,0,0.5014504790306091
1261,0,1,0,0.6220800280570984
1262,0,0,1,1.184584379196167
1263,0,1,0,0.8225763440132141
1264,0,0,1,0.3831824064254761
1265,0,1,0,0.840661883354187
1266,0,1,0,0.500436007976532
1267,0,1,0,0.15118855237960815
1268,0,1,0,0.6418237090110779
1269,0,0,1,0.7954923510551453
1270,0,0,1,1.4047013521194458
1271,0,1,0,0.43591853976249695
1272,0,1,0,0.6030993461608887
1273,0,1,0,0.1002647876739502
1274,0,0,1,0.35709166526794434
1275,0,1,0,1.2274219989776611
1276,0,0,1,0.4631912112236023
1277,0,0,1,0.18071559071540833
1278,0,0,1,0.3949548602104187
1279,0,0,1,0.1828536093235016
1280,0,0,1,0.5083621740341187
1281,0,1,0,0.3100101351737976
1282,0,0,1,0.12360130995512009
1283,0,0,1,0.03939618915319443
1284,0,1,0,-0.030542638152837753
1285,0,0,1,0.9973505139350891
1286,0,0,1,0.5365149974822998
1287,0,1,0,-0.0009254403412342072
1288,0,0,1,0.6818990111351013
1289,0,1,0,0.197084441781044
1290,0,0,1,0.20714271068572998
1291,0,0,1,0.09427541494369507
1292,0,1,0,1.3055262565612793
1293,0,0,1,0.19701674580574036
1294,0,0,1,0.15455883741378784
1295,0,0,1,0.21467405557632446
1296,0,0,1,0.2513635754585266
1297,0,0,1,0.49814051389694214
1298,0,0,1,-0.0411737784743309
1299,0,0,1,0.1856091022491455
1300,0,0,1,0.8892962336540222
1301,0,1,0,0.46569550037384033
1302,0,1,0,0.3565106689929962
1303,0,1,0,0.47356462478637695
1304,0,1,0,0.190377339720726
1305,0,0,1,0.11833757162094116
1306,0,1,0,0.038626354187726974
1307,0,0,1,0.4064156115055084
1308,0,1,0,0.14483334124088287
1309,0,0,1,0.000772383064031601
1310,0,1,0,0.3771401643753052
1311,0,1,0,0.5812219381332397
1312,0,1,0,0.4405643939971924
1313,0,1,0,0.5650184750556946
1314,0,1,0,0.34664419293403625
1315,0,1,0,-0.011049192398786545
1316,0,0,1,0.024846993386745453
1317,0,0,1,0.49021226167678833
1318,0,1,0,0.8348192572593689
1319,0,0,1,0.019107535481452942
1320,0,1,0,0.20596113801002502
1321,0,0,1,0.1226959154009819
1322,0,1,0,0.03565911576151848
1323,0,1,0,0.23965613543987274
1324,0,1,0,0.5872280597686768
1325,0,0,1,0.14196071028709412
1326,0,0,1,0.10549908131361008
1327,0,1,0,0.056756164878606796
1328,0,1,0,1.2244269847869873
1329,0,1,0,0.3316890001296997
1330,0,0,1,0.11423071473836899
1331,0,1,0,0.36268550157546997
1332,0,0,1,0.2552952766418457
1333,0,0,1,-0.03872442990541458
1334,0,1,0,0.48630720376968384
1335,0,0,1,0.31113123893737793
1336,0,0,1,0.5809714198112488
1337,0,1,0,0.35831892490386963
1338,0,0,1,0.06520819664001465
1339,0,0,1,0.4911019504070282
1340,0,0,1,0.6171568036079407
1341,0,0,1,1.015336275100708
1342,0,1,0,1.8727586269378662
1343,0,1,0,2.115333318710327
1344,0,1,0,2.1075186729431152
1345,0,1,0,1.8354326486587524
1346,0,0,1,0.8850466012954712
1347,0,1,0,0.2517869174480438
1348,0,1,0,0.18179450929164886
1349,0,1,0,0.12896610796451569
1350,0,1,0,0.047102149575948715
1351,0,0,1,0.22115275263786316
1352,0,1,0,0.40612635016441345
1353,0,1,0,0.21806447207927704
1354,0,0,1,0.4981556236743927
1355,0,0,1,0.26096758246421814
1356,0,0,1,0.999544620513916
1357,0,0,1,0.5447399616241455
1358,0,0,1,0.6700192093849182
1359,0,0,1,0.3159743547439575
1360,0,0,1,0.11501771956682205
1361,0,0,1,0.26785504817962646
1362,0,0,1,0.207952082157135
1363,0,0,1,-0.010214272886514664
1364,0,0,1,0.16994541883468628
1365,0,1,0,0.3729320168495178
1366,0,1,0,0.017074137926101685
1367,0,0,1,0.5961620807647705
1368,0,1,0,0.5578309893608093
1369,0,0,1,0.02171783149242401
1370,0,0,1,0.2118590772151947
1371,0,0,1,0.32140544056892395
1372,0,0,1,1.2240221500396729
1373,0,1,0,0.20254375040531158
1374,0,0,1,0.049644287675619125
1375,0,1,0,0.5607539415359497
1376,0,0,1,0.8019081950187683
1377,0,0,1,0.25591856241226196
1378,0,1,0,-0.04627486690878868
1379,0,1,0,0.13522391021251678
1380,0,0,1,0.27640554308891296
1381,0,1,0,-0.0020557641983032227
1382,0,1,0,0.03372294083237648
1383,0,1,0,0.2732750177383423
1384,0,0,1,0.17280671000480652
1385,0,1,0,0.3561971187591553
1386,0,1,0,-0.006990265101194382
1387,0,1,0,0.29763299226760864
1388,0,0,1,0.21638989448547363
1389,0,0,1,0.8697685599327087
1390,0,0,1,0.8147832751274109
1391,0,1,0,0.868094265460968
1392,0,0,1,0.10181862115859985
1393,0,1,0,0.033381763845682144
1394,0,0,1,0.8809724450111389
1395,0,0,1,0.6158477663993835
1396,0,0,1,1.0965107679367065
1397,0,1,0,0.2988717555999756
1398,0,1,0,0.1326669305562973
1399,0,0,1,0.35838931798934937
1400,0,1,0,0.10991021990776062
1401,0,0,1,0.4491359293460846
1402,0,1,0,0.9032014608383179
1403,0,1,0,0.3403927683830261
1404,0,0,1,0.034797459840774536
1405,0,1,0,0.7488691806793213
1406,0,1,0,0.23125992715358734
1407,0,1,0,0.722474992275238
1408,0,0,1,1.0971577167510986
1409,0,1,0,0.432858407497406
1410,0,1,0,0.5827715992927551
1411,0,0,1,0.006478320807218552
1412,0,1,0,0.23160050809383392
1413,0,0,1,-0.020794615149497986
1414,0,1,0,0.2843676507472992
1415,0,1,0,0.8041653037071228
1416,0,1,0,0.10525016486644745
1417,0,1,0,0.2965185046195984
1418,0,0,1,0.4771791994571686
1419,0,0,1,0.6278288960456848
1420,0,0,1,0.32354816794395447
1421,0,0,1,0.09785320609807968
1422,0,0,1,0.3943231701850891
1423,0,1,0,0.6105082631111145
1424,0,0,1,0.3853844404220581
1425,0,1,0,0.563026487827301
1426,0,1,0,0.481344997882843
1427,0,1,0,0.08509235084056854
1428,0,0,1,0.29927611351013184
1429,0,0,1,0.7192195653915405
1430,0,0,1,0.8348423838615417
1431,0,1,0,0.06564590334892273
1432,0,0,1,0.4815247654914856
1433,0,0,1,0.43107742071151733
1434,0,1,0,0.8265718817710876
1435,0,0,1,0.3621068298816681
1436,0,0,1,0.26827073097229004
1437,0,1,0,0.36884886026382446
1438,0,1,0,0.01822986826300621
1439,0,1,0,0.9895702004432678
1440,0,1,0,0.024776902049779892
1441,0,1,0,0.15828709304332733
1442,0,1,0,0.4495307207107544
1443,0,0,1,0.02832447737455368
1444,0,1,0,0.6560730338096619
1445,0,1,0,0.13039043545722961
1446,0,1,0,0.39468157291412354
1447,0,1,0,0.3258274793624878
1448,0,0,1,0.5972428917884827
1449,0,1,0,0.3107598125934601
1450,0,1,0,0.4081144332885742
1451,0,0,1,0.4273063540458679
1452,0,0,1,0.7451258301734924
1453,0,1,0,1.2510459423065186
1454,0,0,1,0.059903331100940704
1455,0,0,1,0.4510432779788971
1456,0,1,0,0.3282129764556885
1457,0,1,0,0.9650151133537292
1458,0,0,1,-0.04676620662212372
1459,0,0,1,0.2308715283870697
1460,0,1,0,0.5486529469490051
1461,0,0,1,0.8599480390548706
1462,0,1,0,0.00048431381583213806
1463,0,0,1,0.42291295528411865
1464,0,1,0,0.4171066880226135
1465,0,1,0,0.9563370943069458
1466,0,1,0,-0.03852240368723869
1467,0,1,0,0.39522936940193176
1468,0,1,0,1.1322475671768188
1469,0,1,0,0.3996678590774536
1470,0,0,1,-0.030272796750068665
1471,0,0,1,-0.020547617226839066
1472,0,1,0,0.1495087444782257
1473,0,1,0,0.20704522728919983
1474,0,1,0,1.1907944679260254
1475,0,1,0,0.2949860990047455
1476,0,1,0,0.23647992312908173
1477,0,1,0,0.2750834822654724
1478,0,1,0,0.531700849533081
1479,0,1,0,0.26640480756759644
1480,0,1,0,0.2929784059524536
1481,0,1,0,1.13069748878479
1482,0,0,1,-0.03561854362487793
1483,0,0,1,0.4005764126777649
1484,0,0,1,0.09078437089920044
1485,0,1,0,0.46591681241989136
1486,0,1,0,0.5509046316146851
1487,0,0,1,-0.03341829776763916
1488,0,1,0,0.07644212245941162
1489,0,0,1,0.24601799249649048
1490,0,0,1,0.06139503791928291
1491,0,1,0,1.301210641860962
1492,0,1,0,0.6989266276359558
1493,0,1,0,0.03680868819355965
1494,0,1,0,0.6114950180053711
1495,0,0,1,0.1979987621307373
1496,0,0,1,0.41397714614868164
1497,0,0,1,0.4461553394794464
1498,0,1,0,0.43803584575653076
1499,0,0,1,0.643074095249176
1500,0,1,0,0.2689857482910156
1501,0,1,0,0.11942847073078156
1502,0,0,1,0.4446767568588257
1503,0,0,1,0.509002149105072
1504,0,1,0,0.0895710289478302
1505,0,1,0,0.33899155259132385
1506,0,0,1,0.22971591353416443
1507,0,1,0,0.07094402611255646
1508,0,0,1,0.3545348644256592
1509,0,0,1,0.48028430342674255
1510,0,1,0,0.8296250104904175
1511,0,1,0,-0.005303721874952316
1512,0,0,1,0.9532953500747681
1513,0,0,1,0.4733409881591797
1514,0,0,1,0.6972572207450867
1515,0,0,1,0.7768663763999939
1516,0,0,1,1.3104898929595947
1517,0,0,1,0.8348897695541382
1518,0,0,1,0.583705723285675
1519,0,1,0,0.35600244998931885
1520,0,0,1,0.4203783869743347
1521,0,0,1,0.18860846757888794
1522,0,1,0,0.1260576695203781
1523,0,0,1,0.3201375901699066
1524,0,1,0,0.14771275222301483
1525,0,0,1,0.11745383590459824
1526,0,0,1,0.9703071713447571
1527,0,0,1,0.8614515066146851
1528,0,0,1,0.4129360318183899
1529,0,0,1,0.4910391569137573
1530,0,1,0,0.6497139930725098
1531,0,0,1,0.5592378973960876
1532,0,1,0,0.0012434013187885284
1533,0,1,0,0.0824190229177475
1534,0,1,0,0.3738316297531128
1535,0,1,0,0.1079787015914917
1536,0,0,1,0.5167298913002014
1537,0,0,1,1.6837552785873413
1538,0,0,1,0.5565328001976013
1539,0,0,1,0.5294318795204163
1540,0,0,1,0.40517762303352356
1541,0,0,1,0.5602443814277649
1542,0,0,1,0.9304534196853638
1543,0,0,1,0.41171759366989136
1544,0,1,0,1.45185124874115
1545,0,0,1,0.5357884764671326
1546,0,0,1,0.027659859508275986
1547,1,1,1,0.8817388415336609
1548,0,1,0,0.3139721155166626
1549,0,0,1,0.14778125286102295
1550,1,0,0,-0.0439988449215889
1551,0,1,0,0.29196956753730774
1552,0,0,1,0.13424697518348694
1553,0,0,1,0.12172719836235046
1554,0,0,1,0.8503397107124329
1555,0,0,1,0.7717741131782532
1556,0,1,0,0.6470760107040405
1557,0,0,1,1.195746660232544
1558,0,1,0,0.035072002559900284
1559,0,0,1,0.8384677171707153
1560,0,0,1,1.0109715461730957
1561,0,0,1,0.04587477445602417
1562,0,1,0,0.8548283576965332
1563,0,0,1,0.3609960675239563
1564,0,0,1,0.5578941702842712
1565,0,0,1,0.8024270534515381
1566,0,0,1,0.949492871761322
1567,0,1,0,0.20012266933918
1568,0,1,0,0.5549544095993042
1569,0,1,0,1.4590890407562256
1570,0,0,1,0.08170893788337708
1571,0,0,1,0.1570506989955902
1572,0,0,1,0.6688058972358704
1573,0,1,0,0.7902236580848694
1574,0,0,1,0.3082994520664215
1575,0,1,0,0.1449679136276245
1576,0,1,0,0.6982102990150452
1577,0,0,1,-0.0017937012016773224
1578,0,1,0,0.21331287920475006
1579,0,0,1,0.4118897318840027
1580,0,1,0,0.4648950695991516
1581,0,0,1,0.19841045141220093
1582,0,1,0,0.08105553686618805
1583,0,0,1,0.42446407675743103
1584,0,0,1,1.01616370677948
1585,0,0,1,0.20390063524246216
1586,0,1,0,0.09757788479328156
1587,0,0,1,0.6142960786819458
1588,0,1,0,0.2009352445602417
1589,0,0,1,0.8350143432617188
1590,0,1,0,0.4955146908760071
1591,0,0,1,0.026319433003664017
1592,0,0,1,0.8329113125801086
1593,0,1,0,0.39398646354675293
1594,0,0,1,0.32371410727500916
1595,0,1,0,0.4602838158607483
1596,0,0,1,0.24687424302101135
1597,0,0,1,0.3906122148036957
1598,0,0,1,1.1875112056732178
1599,0,0,1,0.36121660470962524
1600,0,0,1,1.4152785539627075
1601,0,1,0,0.69671231508255
1602,0,0,1,0.3603056073188782
1603,0,0,1,0.6922540068626404
1604,0,0,1,0.6765877604484558
1605,0,0,1,0.24564406275749207
1606,0,1,0,1.0606756210327148
1607,0,0,1,0.7984927296638489
1608,0,1,0,0.34855785965919495
1609,0,0,1,0.3918282985687256
1610,0,0,1,0.5548059344291687
1611,0,0,1,0.24739080667495728
1612,0,1,0,0.24260751903057098
1613,0,1,0,0.14253118634223938
1614,0,1,0,0.9379735589027405
1615,0,0,1,0.03078676573932171
1616,0,0,1,0.11502794921398163
1617,0,0,1,0.1939288079738617
1618,0,0,1,0.09092657268047333
1619,0,1,0,0.04493847116827965
1620,0,1,0,0.6220894455909729
1621,0,0,1,0.9091453552246094
1622,0,1,0,0.32873764634132385
1623,0,0,1,0.4317220449447632
1624,0,0,1,0.10673712193965912
1625,0,0,1,0.26126691699028015
1626,0,0,1,0.3103545606136322
1627,0,0,1,0.7919928431510925
1628,1,0,0,0.4622795283794403
1629,0,0,1,0.3167414963245392
1630,0,0,1,0.19408783316612244
1631,0,1,0,0.8085752129554749
1632,0,1,0,0.6990694403648376
1633,0,0,1,0.9045228362083435
1634,0,0,1,0.7067393660545349
1635,0,1,0,0.0993916392326355
1636,0,0,1,0.4406982660293579
1637,0,0,1,0.40612491965293884
1638,0,1,0,0.14930395781993866
1639,0,0,1,0.21924656629562378
1640,0,1,0,0.9982922673225403
1641,0,0,1,0.6194269061088562
1642,0,1,0,0.23969732224941254
1643,0,1,0,0.2946869730949402
1644,0,0,1,0.20097553730010986
1645,0,0,1,0.559867799282074
1646,0,0,1,0.23157712817192078
1647,0,1,0,0.6784947514533997
1648,0,1,0,1.0655874013900757
1649,0,1,0,0.6125446557998657
1650,0,0,1,0.6407954692840576
1651,0,1,0,0.2676701545715332
1652,0,1,0,0.5951815843582153
1653,0,0,1,1.0150508880615234
1654,0,0,1,0.18751859664916992
1655,0,0,1,0.10970067232847214
1656,0,1,0,-0.044095728546381
1657,0,1,0,1.668831706047058
1658,0,1,0,0.238990917801857
1659,0,1,0,1.281232476234436
1660,0,1,0,0.4386608600616455
1661,0,1,0,0.6584561467170715
1662,0,1,0,0.166720911860466
1663,0,1,0,0.12922458350658417
1664,0,1,0,0.8495837450027466
1665,0,1,0,0.09158122539520264
1666,0,0,1,0.1582677811384201
1667,0,0,1,0.2688278257846832
1668,0,0,1,0.6732378005981445
1669,0,0,1,0.3520064055919647
1670,0,0,1,0.2475597858428955
1671,0,1,0,0.5125060081481934
1672,0,1,0,0.73898845911026
1673,0,0,1,0.06475404649972916
1674,0,0,1,0.19760683178901672
1675,0,1,0,0.7373886704444885
1676,0,1,0,0.3789861798286438
1677,0,0,1,0.0962500348687172
1678,0,0,1,1.2323583364486694
1679,0,0,1,0.668894350528717
1680,0,0,1,1.7047392129898071
1681,0,0,1,1.086832046508789
1682,0,0,1,0.9849912524223328
1683,0,0,1,1.1097838878631592
1684,0,1,0,0.2928420305252075
1685,0,1,0,0.23853711783885956
1686,0,1,0,0.05119187757372856
1687,0,1,0,1.4029014110565186
1688,0,1,0,0.7591264843940735
1689,0,0,1,1.3215124607086182
1690,0,0,1,0.580559492111206
1691,0,1,0,0.8334551453590393
1692,0,1,0,0.22611816227436066
1693,0,1,0,0.46749645471572876
1694,0,1,0,0.035576146095991135
1695,0,0,1,0.05775696039199829
1696,0,1,0,1.1863179206848145
1697,0,1,0,1.480151653289795
1698,0,1,0,0.868226945400238
1699,0,1,0,0.47196102142333984
1700,0,0,1,0.450670450925827
1701,0,0,1,0.4850834310054779
1702,0,0,1,0.2586013376712799
1703,0,0,1,1.0925962924957275
1704,0,1,0,0.37872838973999023
1705,0,1,0,0.09352314472198486
1706,0,0,1,0.022334199398756027
1707,0,1,0,0.13362745940685272
1708,0,0,1,0.33763283491134644
1709,0,0,1,0.3934028446674347
1710,0,0,1,0.29154419898986816
1711,0,1,0,0.2939344048500061
1712,0,0,1,0.6318631768226624
1713,0,1,0,0.7236942648887634
1714,0,0,1,0.03568970039486885
1715,0,1,0,0.8353566527366638
1716,0,1,0,0.21626798808574677
1717,0,0,1,0.7924990057945251
1718,0,0,1,0.055116187781095505
1719,0,1,0,0.5012602806091309
1720,0,1,0,0.7474493980407715
1721,0,1,0,0.4020300507545471
1722,0,0,1,0.5380678772926331
1723,0,1,0,1.5082299709320068
1724,0,0,1,0.6048753261566162
1725,0,0,1,0.3479965925216675
1726,0,0,1,0.2660047113895416
1727,0,0,1,0.4101089835166931
1728,0,1,0,0.37739986181259155
1729,0,0,1,0.21731266379356384
1730,0,0,1,0.1754346787929535
1731,0,0,1,0.09329941868782043
1732,0,0,1,0.6784572005271912
1733,0,0,1,1.1332426071166992
1734,0,0,1,0.2006431221961975
1735,0,1,0,0.08901205658912659
1736,0,0,1,0.14558148384094238
1737,0,0,1,0.525720477104187
1738,0,1,0,0.6049855351448059
1739,0,0,1,0.2422615885734558
1740,0,0,1,0.45934176445007324
1741,0,0,1,0.5366484522819519
1742,0,1,0,0.3522096276283264
1743,0,1,0,0.21212780475616455
1744,0,0,1,0.6921783685684204
1745,0,0,1,0.8274218440055847
1746,0,0,1,0.4542691111564636
1747,0,0,1,0.04702410846948624
1748,0,1,0,0.23227082192897797
1749,0,1,0,-0.01726732775568962
1750,0,0,1,0.5543834567070007
1751,0,0,1,0.17450803518295288
1752,0,0,1,0.6939658522605896
1753,0,1,0,0.9414503574371338
1754,0,0,1,0.17856281995773315
1755,0,1,0,0.14341755211353302
1756,0,1,0,0.5226874947547913
1757,0,1,0,1.737608790397644
1758,0,0,1,0.8758178949356079
1759,0,0,1,0.3874349594116211
1760,0,0,1,0.33543381094932556
1761,0,0,1,0.6312450170516968
1762,0,1,0,0.17127732932567596
1763,0,0,1,1.3831350803375244
1764,0,0,1,0.2292787730693817
1765,0,0,1,1.077115774154663
1766,0,0,1,0.5405299067497253
1767,0,0,1,0.520958662033081
1768,0,1,0,0.12230516970157623
1769,0,0,1,0.09332346171140671
1770,0,1,0,0.8102627396583557
1771,0,0,1,0.09818767011165619
1772,0,1,0,1.2569681406021118
1773,0,1,0,0.44816914200782776
1774,0,0,1,0.46123963594436646
1775,0,0,1,1.131318211555481
1776,0,1,0,0.4689708948135376
1777,0,0,1,0.3934929370880127
1778,0,0,1,0.11498203873634338
1779,0,0,1,0.7406178116798401
1780,0,0,1,1.0263829231262207
1781,0,1,0,0.15017111599445343
1782,0,1,0,0.2944059371948242
1783,0,0,1,0.33986881375312805
1784,0,0,1,0.09603550285100937
1785,0,0,1,0.021641377359628677
1786,0,0,1,1.2186200618743896
1787,0,0,1,0.34176379442214966
1788,0,1,0,0.08814674615859985
1789,0,0,1,1.0068855285644531
1790,0,0,1,1.3976880311965942
1791,0,0,1,0.9144272208213806
1792,0,0,1,-4.271790385246277e-05
1793,0,0,1,-0.015375547111034393
1794,0,0,1,0.3144216537475586
1795,0,1,0,0.7838283181190491
1796,0,0,1,0.09219872951507568
1797,0,0,1,0.6868019700050354
1798,0,0,1,0.6750760078430176
1799,0,0,1,0.6452943682670593
1800,0,0,1,0.10208038240671158
1801,0,0,1,0.7517995238304138
1802,0,0,1,0.679928719997406
1803,0,0,1,0.5016480684280396
1804,0,1,0,0.007644902914762497
1805,0,1,0,0.04533962532877922
1806,0,1,0,0.9929140210151672
1807,0,1,0,0.39870256185531616
1808,0,1,0,0.7352729439735413
1809,0,0,1,0.13348659873008728
1810,0,1,0,0.48761117458343506
1811,0,1,0,-0.004109863191843033
1812,0,0,1,0.08306398242712021
1813,0,1,0,-0.03894336149096489
1814,0,0,1,0.23251411318778992
1815,0,0,1,0.602594792842865
1816,0,0,1,0.498677134513855
1817,0,0,1,0.40627777576446533
1818,0,0,1,1.191161036491394
1819,0,0,1,1.2397990226745605
1820,0,0,1,1.1608771085739136
1821,0,0,1,0.11700809746980667
1822,0,0,1,1.1961393356323242
1823,0,0,1,0.7323406338691711
1824,0,0,1,0.6048831343650818
1825,0,0,1,0.08175650238990784
1826,0,1,0,0.002363283187150955
1827,0,0,1,0.364641934633255
1828,0,0,1,0.6885040998458862
1829,0,0,1,0.1279318630695343
1830,0,0,1,0.8784522414207458
1831,0,1,0,0.1535823792219162
1832,0,0,1,0.34568655490875244
1833,0,0,1,0.03856804966926575
1834,0,0,1,0.31388136744499207
1835,0,1,0,-0.001634296029806137
1836,0,0,1,0.2967439889907837
1837,0,0,1,0.2818669378757477
1838,0,0,1,0.7483253479003906
1839,0,1,0,0.8823649287223816
1840,0,1,0,0.1773640364408493
1841,0,0,1,0.5008401870727539
1842,0,1,0,0.3420456051826477
1843,0,1,0,0.27554455399513245
1844,0,1,0,0.008141305297613144
1845,0,1,0,0.07076266407966614
1846,0,1,0,0.2359495609998703
1847,0,1,0,1.8177869319915771
1848,0,1,0,0.9072440266609192
1849,0,1,0,0.25735902786254883
1850,0,1,0,0.6150660514831543
1851,0,0,1,0.5753757357597351
1852,0,0,1,0.6902849078178406
1853,0,1,0,0.5252249836921692
1854,0,0,1,0.7053794264793396
1855,0,1,0,0.2069976031780243
1856,0,1,0,0.6961984038352966
1857,0,0,1,0.2189788818359375
1858,0,1,0,0.63065105676651
1859,0,0,1,-0.012592442333698273
1860,0,1,0,0.22654162347316742
1861,0,0,1,0.3482958674430847
1862,0,1,0,0.32150304317474365
1863,0,0,1,0.8084765672683716
1864,0,1,0,0.03330143168568611
1865,0,1,0,0.3062649667263031
1866,0,0,1,0.4067944288253784
1867,0,1,0,0.5746065974235535
1868,0,0,1,0.2239794135093689
1869,0,0,1,0.1216127797961235
1870,0,1,0,0.29340168833732605
1871,0,0,1,0.32885727286338806
1872,0,1,0,0.7389408946037292
1873,0,1,0,0.8554105162620544
1874,0,1,0,0.8883671760559082
1875,0,0,1,0.3196102976799011
1876,0,0,1,0.5719884634017944
1877,0,1,0,0.3808780610561371
1878,0,0,1,0.6326509118080139
1879,0,1,0,0.7771323323249817
1880,0,0,1,0.05375051125884056
1881,0,0,1,0.8075621128082275
1882,0,1,0,0.34432557225227356
1883,0,0,1,0.535810112953186
1884,0,1,0,0.4890301823616028
1885,0,1,0,0.3183926045894623
1886,0,1,0,0.31410127878189087
1887,0,0,1,0.4149879813194275
1888,0,1,0,0.20728717744350433
1889,0,0,1,0.2697979509830475
1890,0,1,0,0.35367923974990845
1891,0,1,0,0.3995031714439392
1892,1,0,0,1.481977939605713
1893,1,0,0,1.3997681140899658
1894,1,1,1,0.33094456791877747
1895,1,0,0,0.413330614566803
1896,1,0,0,0.10814227908849716
1897,1,0,0,0.10441301763057709
1898,1,0,0,2.1461448669433594
1899,1,1,1,0.12377245724201202
1900,1,0,0,0.7224448323249817
1901,1,1,1,0.5781840682029724
1902,1,0,0,1.1421759128570557
1903,1,0,0,1.2899571657180786
1904,1,1,1,0.17156963050365448
1905,1,0,0,0.5837708711624146
1906,1,0,0,0.3764041066169739
1907,1,1,1,0.5005409121513367
1908,1,1,1,0.5815694332122803
1909,1,0,0,1.435530185699463
1910,1,0,0,0.7339770793914795
1911,1,1,1,0.2225465029478073
1912,1,0,0,0.6404284238815308
1913,1,1,1,0.9001920819282532
1914,1,1,1,0.1393991857767105
1915,1,0,0,0.3562891483306885
1916,1,0,0,0.5505106449127197
1917,1,0,0,0.6279263496398926
1918,1,0,0,0.5795751214027405
1919,1,1,1,0.2758738696575165
1920,1,0,0,-0.01694668084383011
1921,1,1,1,0.09703853726387024
1922,1,1,1,0.6250994801521301
1923,0,0,1,1.3941104412078857
1924,0,0,1,0.6758812069892883
1925,0,0,1,0.6747748255729675
1926,0,0,1,0.5227212309837341
1927,0,0,1,1.229537010192871
1928,0,1,0,0.9572728276252747
1929,0,1,0,0.17719851434230804
1930,0,0,1,0.37306416034698486
1931,0,0,1,1.0486259460449219
1932,0,1,0,0.4443061053752899
1933,0,0,1,0.8005174994468689
1934,0,0,1,1.1716115474700928
1935,0,0,1,1.4741944074630737
1936,0,0,1,0.9861123561859131
1937,0,1,0,0.10318650305271149
1938,0,0,1,0.48685920238494873
1939,0,1,0,0.6454285979270935
1940,0,0,1,0.0836893767118454
1941,0,1,0,0.2519775927066803
1942,1,1,1,0.7630079984664917
1943,1,1,1,0.16162952780723572
1944,1,0,0,0.26271340250968933
1945,1,1,1,0.2692596912384033
1946,1,0,0,0.5353906750679016
1947,1,0,0,0.16773027181625366
1948,1,1,1,0.6647101640701294
1949,1,0,0,1.4965795278549194
1950,1,1,1,0.6667757630348206
1951,1,0,0,0.6289849877357483
1952,1,1,1,0.31271126866340637
1953,1,1,1,0.6208479404449463
1954,1,0,0,0.7805063128471375
1955,1,0,0,0.09816110134124756
1956,1,1,1,0.3011437654495239
1957,1,1,1,0.2694264054298401
1958,1,1,1,0.690818727016449
1959,1,1,1,0.3416624367237091
1960,1,1,1,0.5829899907112122
1961,1,1,1,0.39903074502944946
1962,1,1,1,0.15289847552776337
1963,1,1,1,1.1301826238632202
1964,1,1,1,0.7762383818626404
1965,1,1,1,1.2867529392242432
1966,1,0,0,0.1909390687942505
1967,1,1,1,0.2346385270357132
1968,1,1,1,0.5904682278633118
1969,1,1,1,0.5290891528129578
1970,1,0,0,0.597850501537323
1971,1,1,1,0.31874728202819824
1972,1,0,0,1.3639500141143799
1973,1,0,0,0.17586660385131836
1974,1,0,0,0.5596861839294434
1975,1,0,0,0.6237576603889465
1976,1,1,1,0.17531463503837585
1977,1,0,0,0.8784583806991577
1978,1,0,0,0.7023785710334778
1979,1,0,0,0.5538796782493591
1980,1,1,1,0.0285043902695179
1981,1,0,0,0.8085824847221375
1982,1,0,0,0.9320719242095947
1983,1,0,0,0.47512587904930115
1984,1,0,0,0.5519732236862183
1985,1,0,0,0.30034762620925903
1986,1,0,0,0.2256464958190918
1987,1,0,0,0.0414334200322628
1988,1,0,0,0.22193554043769836
1989,1,0,0,1.7716176509857178
1990,1,0,0,0.028017248958349228
1991,1,0,0,1.0366512537002563
1992,1,0,0,0.398168683052063
1993,1,0,0,1.2086296081542969
1994,1,0,0,0.25914716720581055
1995,1,0,0,0.9465358853340149
1996,1,1,1,0.6384669542312622
1997,1,0,0,0.3248584568500519
1998,1,0,0,0.662769615650177
1999,1,1,1,0.07790875434875488
2000,1,1,1,0.20474617183208466
2001,1,1,1,0.617042601108551
2002,1,1,1,-0.008834917098283768
2003,1,0,0,0.11402401328086853
2004,1,1,1,0.6257372498512268
2005,1,1,1,1.0005522966384888
2006,1,1,1,0.7739295363426208
2007,1,0,0,1.4355642795562744
2008,1,0,0,0.8142573237419128
2009,1,1,1,1.1237037181854248
2010,1,1,1,1.1470444202423096
2011,1,1,1,0.11696198582649231
2012,1,1,1,1.226650357246399
2013,1,1,1,0.9490206837654114
2014,1,0,0,0.439662903547287
2015,1,1,1,0.08033148944377899
2016,1,0,0,0.20795628428459167
2017,1,1,1,0.8617128133773804
2018,1,0,0,0.23176172375679016
2019,1,1,1,0.15742018818855286
2020,1,1,1,0.4100501835346222
2021,1,0,0,0.6692275404930115
2022,1,1,1,1.2032358646392822
2023,1,0,0,0.482984334230423
2024,1,0,0,0.728295624256134
2025,1,1,1,0.47419434785842896
2026,1,0,0,0.5382247567176819
2027,1,0,0,0.876236081123352
2028,1,1,1,0.6092626452445984
2029,1,0,0,0.40580177307128906
2030,1,1,1,0.6115387082099915
2031,1,0,0,1.1975457668304443
2032,1,0,0,0.40242284536361694
2033,1,1,1,1.0268936157226562
2034,1,1,1,0.48258113861083984
2035,1,0,0,0.276249498128891
2036,1,1,1,0.7982010245323181
2037,1,1,1,1.053458333015442
2038,1,0,0,0.12997367978096008
2039,1,0,0,0.8835144639015198
2040,1,0,0,0.5079684257507324
2041,1,0,0,0.4916066527366638
2042,1,0,0,1.706456184387207
2043,1,1,1,0.9544432163238525
2044,1,1,1,0.4714652895927429
2045,1,0,0,0.24234575033187866
2046,1,0,0,0.13629737496376038
2047,1,0,0,0.09785626828670502
2048,1,0,0,0.309964120388031
2049,1,0,0,1.6879390478134155
2050,1,0,0,0.8901254534721375
2051,1,0,0,1.0160279273986816
2052,1,0,0,0.30275192856788635
2053,1,1,1,1.3895556926727295
2054,1,0,0,0.15380904078483582
2055,1,1,1,0.019100867211818695
2056,1,1,1,0.9216785430908203
2057,1,1,1,0.3916182518005371
2058,1,1,1,-0.012849267572164536
2059,1,1,1,0.42435866594314575
2060,1,1,1,0.13449496030807495
2061,1,0,0,1.3907091617584229
2062,1,1,1,0.1846342235803604
2063,1,0,0,1.7802822589874268
2064,1,0,0,0.48241308331489563
2065,1,1,1,0.5628389716148376
2066,1,1,1,0.09021168947219849
2067,1,1,1,0.04242446646094322
2068,1,1,1,0.7142130732536316
2069,1,1,1,0.5386630892753601
2070,1,1,1,0.021456629037857056
2071,1,0,0,0.005968417972326279
2072,1,1,1,0.745893120765686
2073,1,0,0,0.7204850912094116
2074,1,0,0,0.6295652389526367
2075,1,1,1,0.5977841019630432
2076,1,1,1,0.0022225864231586456
2077,1,0,0,1.2327079772949219
2078,1,1,1,0.5000329613685608
2079,1,0,0,1.0538420677185059
2080,1,1,1,0.2761794626712799
2081,1,0,0,0.025638556107878685
2082,1,1,1,0.0024691633880138397
2083,1,1,1,0.16727790236473083
2084,1,1,1,0.621656596660614
2085,1,0,0,0.3049895465373993
2086,1,1,1,0.515475332736969
2087,1,0,0,0.2182648777961731
2088,1,0,0,0.7210034132003784
2089,1,0,0,0.21508270502090454
2090,1,0,0,0.22022417187690735
2091,1,0,0,0.7489005923271179
2092,1,1,1,-0.0026220642030239105
2093,1,0,0,0.4063655436038971
2094,1,0,0,0.2828289270401001
2095,1,0,0,0.3948984146118164
2096,1,0,0,0.6414163112640381
2097,1,1,1,0.09946057200431824
2098,1,0,0,0.7050393223762512
2099,1,1,1,0.39532262086868286
2100,1,0,0,1.0100634098052979
2101,1,0,0,0.47104066610336304
2102,1,0,0,0.09815546870231628
2103,1,0,0,1.0399407148361206
2104,1,0,0,0.22665935754776
2105,1,0,0,1.18511962890625
2106,1,0,0,1.1959148645401
2107,1,1,1,0.42753976583480835
2108,1,0,0,0.12971851229667664
2109,1,1,1,0.05255482718348503
2110,1,0,0,0.45702868700027466
2111,1,0,0,0.07692766189575195
2112,1,0,0,0.37360918521881104
2113,1,0,0,0.6233819127082825
2114,1,0,0,0.185240238904953
2115,1,1,1,0.7089709639549255
2116,1,0,0,0.6371111273765564
2117,1,0,0,0.2878963053226471
2118,1,0,0,0.05826739966869354
2119,1,1,1,1.0166720151901245
2120,1,0,0,0.07710971683263779
2121,1,1,1,0.7784850001335144
2122,1,0,0,0.3753315806388855
2123,1,0,0,0.22204288840293884
2124,1,1,1,0.30406221747398376
2125,1,1,1,0.8646178245544434
2126,1,1,1,0.24755613505840302
2127,1,0,0,0.08952400088310242
2128,1,1,1,1.8631880283355713
2129,1,0,0,0.15744797885417938
2130,1,0,0,1.1686041355133057
2131,1,1,1,-0.013589031994342804
2132,1,0,0,0.024278562515974045
2133,1,0,0,1.4653722047805786
2134,1,1,1,0.3015320599079132
2135,1,1,1,1.0576019287109375
2136,1,0,0,0.04008062928915024
2137,1,0,0,0.550547182559967
2138,1,0,0,0.2553457021713257
2139,1,1,1,0.15268363058567047
2140,1,0,0,0.4409204423427582
2141,1,0,0,0.10394755005836487
2142,1,0,0,0.29835596680641174
2143,1,1,1,0.1399981677532196
2144,1,1,1,0.41140300035476685
2145,1,0,0,0.4087541103363037
2146,1,1,1,0.620551347732544
2147,1,0,0,0.983153223991394
2148,1,0,0,0.8427396416664124
2149,1,0,0,1.3046820163726807
2150,1,0,0,0.8233961462974548
2151,1,0,0,0.25990137457847595
2152,1,1,1,0.9355854392051697
2153,1,0,0,1.3948242664337158
2154,1,0,0,0.8315922617912292
2155,1,0,0,1.7053570747375488
2156,1,0,0,0.5154219269752502
2157,1,0,0,1.1548981666564941
2158,1,0,0,1.4519715309143066
2159,1,0,0,2.1406538486480713
2160,1,1,1,0.1369195133447647
2161,1,1,1,0.40604618191719055
2162,1,0,0,1.00752592086792
2163,1,1,1,0.24278654158115387
2164,1,1,1,0.5830618739128113
2165,1,0,0,0.07029376924037933
2166,1,1,1,0.9532585144042969
2167,1,0,0,0.37299272418022156
2168,1,1,1,0.3506722152233124
2169,1,0,0,0.6156365275382996
2170,1,1,1,0.28271323442459106
2171,1,1,1,1.7068791389465332
2172,1,1,1,2.1499009132385254
2173,1,0,0,2.0509283542633057
2174,1,1,1,1.0654876232147217
2175,1,1,1,0.3099921941757202
2176,1,0,0,0.2369876503944397
2177,1,1,1,0.9982717633247375
2178,1,1,1,1.2108174562454224
2179,1,0,0,0.9313253164291382
2180,1,0,0,0.1902739703655243
2181,1,0,0,0.02283899299800396
2182,1,1,1,0.47105467319488525
2183,1,0,0,-0.024636901915073395
2184,1,1,1,0.5189460515975952
2185,1,0,0,0.321920245885849
2186,1,1,1,0.1863246113061905
2187,1,0,0,0.1660405695438385
2188,1,1,1,1.1957104206085205
2189,1,1,1,0.2133130580186844
2190,1,1,1,0.32090067863464355
2191,1,0,0,-0.00046768784523010254
2192,1,1,1,1.1756435632705688
2193,1,1,1,1.4778251647949219
2194,1,1,1,1.0268877744674683
2195,1,1,1,0.3703155517578125
2196,1,1,1,0.0698988288640976
2197,1,1,1,1.8395429849624634
2198,1,1,1,0.21069739758968353
2199,1,1,1,1.242574691772461
2200,1,1,1,1.663370132446289
2201,1,1,1,0.40297091007232666
2202,1,0,0,0.12702688574790955
2203,1,1,1,-0.005342099815607071
2204,1,1,1,0.7974011301994324
2205,1,0,0,0.04804269224405289
2206,1,0,0,0.21086689829826355
2207,1,0,0,0.09370896220207214
2208,1,1,1,1.2482415437698364
2209,1,1,1,1.41060471534729
2210,1,1,1,1.6550766229629517
2211,1,1,1,0.8024346232414246
2212,1,0,0,0.050657354295253754
2213,1,1,1,0.006775114685297012
2214,1,1,1,0.29889145493507385
2215,1,0,0,0.0546426847577095
2216,1,0,0,0.24650105834007263
2217,1,1,1,0.1673516184091568
2218,1,1,1,1.8484163284301758
2219,1,1,1,0.39409875869750977
2220,1,1,1,1.9097461700439453
2221,1,1,1,2.675508499145508
2222,1,1,1,1.820814609527588
2223,1,0,0,0.5121176242828369
2224,1,0,0,1.2395433187484741
2225,1,1,1,1.6073657274246216
2226,1,1,1,0.33780020475387573
2227,1,1,1,0.3831782341003418
2228,1,1,1,1.9237048625946045
2229,1,1,1,1.2221810817718506
2230,1,1,1,1.8173260688781738
2231,1,1,1,0.3171888589859009
2232,1,0,0,-0.010914694517850876
2233,1,1,1,0.07589076459407806
2234,1,0,0,0.19485893845558167
2235,1,1,1,1.241636037826538
2236,1,1,1,2.19705867767334
2237,1,1,1,0.4988557696342468
2238,1,1,1,0.7815237641334534
2239,1,1,1,0.4112967848777771
2240,1,0,0,0.5763556361198425
2241,1,1,1,0.14773081243038177
2242,1,0,0,0.24392059445381165
2243,1,1,1,0.12310053408145905
2244,1,0,0,0.3627133369445801
2245,1,0,0,0.6524439454078674
2246,1,1,1,1.5273890495300293
2247,1,1,1,1.9184571504592896
2248,1,0,0,1.0102695226669312
2249,1,0,0,0.30659452080726624
2250,1,0,0,0.6962978839874268
2251,1,1,1,0.4225160777568817
2252,1,0,0,0.6722816824913025
2253,1,1,1,2.149122714996338
2254,1,1,1,1.9824624061584473
2255,1,1,1,1.9884757995605469
2256,1,1,1,1.9785149097442627
2257,1,1,1,0.3703650236129761
2258,1,1,1,0.14098644256591797
2259,1,0,0,0.536004900932312
2260,1,1,1,0.2762225866317749
2261,1,1,1,0.9151012301445007
2262,1,0,0,0.037084080278873444
2263,1,1,1,0.057725388556718826
2264,1,0,0,0.5520724058151245
2265,1,1,1,0.06379137933254242
2266,1,0,0,0.1392238736152649
2267,1,1,1,0.9374008774757385
2268,1,1,1,0.7689656615257263
2269,1,1,1,0.9099860787391663
2270,1,1,1,0.47934192419052124
2271,1,1,1,0.784518837928772
2272,1,0,0,1.1277867555618286
2273,1,1,1,-0.0019934438169002533
2274,1,1,1,1.5667378902435303
2275,1,0,0,0.5208425521850586
2276,1,0,0,1.3320647478103638
2277,1,0,0,1.5690670013427734
2278,1,0,0,1.535961627960205
2279,1,0,0,0.47978872060775757
2280,1,0,0,0.8480834364891052
2281,1,1,1,1.2987494468688965
2282,1,0,0,0.26462188363075256
2283,1,0,0,0.3974708914756775
2284,1,1,1,0.22317971289157867
2285,1,1,1,0.5517797470092773
2286,1,1,1,0.8382235765457153
2287,1,0,0,0.5683494806289673
2288,1,0,0,0.3288620114326477
2289,1,1,1,1.2363994121551514
2290,1,0,0,0.9863786101341248
2291,1,1,1,1.3342534303665161
2292,1,1,1,1.7502655982971191
2293,1,1,1,0.9469557404518127
2294,1,0,0,0.48165807127952576
2295,1,1,1,1.5035669803619385
2296,1,0,0,1.8374336957931519
2297,1,1,1,0.1084500402212143
2298,1,0,0,0.13923294842243195
2299,1,0,0,-0.01582980901002884
2300,1,0,0,0.22177031636238098
2301,1,0,0,1.0198352336883545
2302,1,1,1,0.15570290386676788
2303,1,0,0,0.39203736186027527
2304,1,1,1,1.4791797399520874
2305,1,1,1,0.15201501548290253
2306,1,1,1,0.8809686303138733
2307,1,1,1,0.8274621963500977
2308,1,1,1,1.8702642917633057
2309,1,0,0,0.32951438426971436
2310,1,0,0,0.22330701351165771
2311,1,1,1,-0.005471464246511459
2312,1,0,0,0.20550954341888428
2313,1,0,0,0.19161468744277954
2314,1,1,1,0.7842473387718201
2315,1,1,1,0.3357726037502289
2316,1,1,1,0.40510421991348267
2317,1,1,1,0.09913845360279083
2318,1,1,1,1.1122196912765503
2319,1,1,1,0.6432365775108337
2320,1,1,1,1.1477086544036865
2321,1,0,0,-0.024766873568296432
2322,1,1,1,2.0703325271606445
2323,1,0,0,0.2313631772994995
2324,1,0,0,0.26385796070098877
2325,1,1,1,0.5802063345909119
2326,1,0,0,0.08907407522201538
2327,1,1,1,0.1336713284254074
2328,1,0,0,1.9968088865280151
2329,1,0,0,0.30798113346099854
2330,1,0,0,0.3452070355415344
2331,1,0,0,1.1672488451004028
2332,1,0,0,0.871431827545166
2333,1,0,0,0.23262163996696472
2334,1,1,1,0.04078228399157524
2335,1,0,0,0.41577282547950745
2336,1,0,0,0.22790652513504028
2337,1,0,0,0.49666541814804077
2338,1,0,0,0.23182269930839539
2339,1,0,0,0.4319029450416565
2340,1,1,1,0.5100283026695251
2341,1,0,0,0.5786016583442688
2342,1,1,1,0.7818561792373657
2343,1,1,1,0.36042535305023193
2344,1,0,0,1.188387393951416
2345,1,0,0,1.3274492025375366
2346,1,0,0,0.8593317866325378
2347,1,1,1,0.23982380330562592
2348,1,0,0,0.44938528537750244
2349,1,0,0,0.31736069917678833
2350,1,1,1,0.17071931064128876
2351,1,0,0,1.7401165962219238
2352,1,1,1,0.7471336722373962
2353,1,0,0,0.3641020357608795
2354,1,1,1,0.8032188415527344
2355,1,1,1,0.45128199458122253
2356,1,1,1,0.7232045531272888
2357,1,0,0,0.5151037573814392
2358,1,1,1,0.4741145968437195
2359,1,0,0,1.311614990234375
2360,1,1,1,0.8153313994407654
2361,1,1,1,0.04927012696862221
2362,1,0,0,1.5029995441436768
2363,1,0,0,0.9350515007972717
2364,1,0,0,0.05885056033730507
2365,1,0,0,0.09715462476015091
2366,1,0,0,0.18760007619857788
2367,1,0,0,0.9063735604286194
2368,1,1,1,0.64546138048172
2369,1,0,0,0.6618965864181519
2370,1,0,0,0.7938875555992126
2371,1,0,0,0.10700666159391403
2372,1,1,1,0.22066156566143036
2373,1,1,1,-0.036143820732831955
2374,1,1,1,0.7946218848228455
2375,1,1,1,0.19904571771621704
2376,1,0,0,0.8025067448616028
2377,1,1,1,0.04295044019818306
2378,1,1,1,0.4419543743133545
2379,1,0,0,0.06009496748447418
2380,1,1,1,1.050990104675293
2381,1,0,0,0.5306069254875183
2382,1,0,0,1.5163086652755737
2383,1,0,0,0.585464358329773
2384,1,1,1,1.0688831806182861
2385,1,0,0,0.4658820331096649
2386,1,0,0,0.14313480257987976
2387,1,0,0,0.6591193079948425
2388,1,1,1,-0.012805011123418808
2389,1,1,1,0.07441882789134979
2390,1,0,0,1.8360177278518677
2391,1,0,0,0.6725878715515137
2392,1,0,0,1.4520764350891113
2393,1,0,0,1.5372161865234375
2394,1,0,0,1.1906836032867432
2395,1,0,0,1.1212882995605469
2396,1,0,0,1.1626445055007935
2397,1,0,0,0.5637711882591248
2398,1,0,0,0.10617011040449142
2399,1,0,0,1.5650497674942017
2400,1,1,1,0.09004868566989899
2401,1,0,0,0.393396258354187
2402,1,0,0,0.867741048336029
2403,1,0,0,0.22804215550422668
2404,1,0,0,0.7896245718002319
2405,1,1,1,0.9738186001777649
2406,1,1,1,0.2019602358341217
2407,1,1,1,1.1621960401535034
2408,1,1,1,0.27288496494293213
2409,1,1,1,0.4141652584075928
2410,1,0,0,0.10689577460289001
2411,1,1,1,0.08766403794288635
2412,1,0,0,0.5737962126731873
2413,1,0,0,0.48369789123535156
2414,1,1,1,0.8827764987945557
2415,1,0,0,0.14628401398658752
2416,1,0,0,0.3486195504665375
2417,1,0,0,0.14467975497245789
2418,1,1,1,0.6848570704460144
2419,1,0,0,1.5206966400146484
2420,1,1,1,1.3876903057098389
2421,1,1,1,1.0142560005187988
2422,1,1,1,1.4706741571426392
2423,1,1,1,1.1361407041549683
2424,1,0,0,0.8697367906570435
2425,1,0,0,0.4398235082626343
2426,1,0,0,0.1399800181388855
2427,1,0,0,0.4508528709411621
2428,1,1,1,1.5181937217712402
2429,1,0,0,0.23899471759796143
2430,1,0,0,0.11531542241573334
2431,1,1,1,1.0201585292816162
2432,1,1,1,1.8738117218017578
2433,1,1,1,1.8863565921783447
2434,1,1,1,-0.029820624738931656
2435,1,1,1,1.7502721548080444
2436,1,1,1,1.5782690048217773
2437,1,0,0,0.5217325687408447
2438,1,0,0,1.543975830078125
2439,1,1,1,1.3688855171203613
2440,1,0,0,0.44362738728523254
2441,1,1,1,0.8962317109107971
2442,1,0,0,0.732747495174408
2443,1,0,0,0.07094177603721619
2444,1,1,1,0.015585031360387802
2445,1,0,0,0.30908656120300293
2446,1,1,1,0.021716926246881485
2447,1,0,0,0.265540212392807
2448,1,0,0,0.7356184124946594
2449,1,1,1,0.7058948278427124
2450,1,0,0,0.005376055836677551
2451,1,0,0,0.10918042808771133
2452,1,0,0,0.36192864179611206
2453,1,0,0,0.29123732447624207
2454,1,1,1,0.6671367883682251
2455,1,1,1,0.2431153506040573
2456,1,0,0,0.5747737288475037
2457,1,0,0,0.9801268577575684
2458,1,0,0,0.9817017316818237
2459,1,1,1,0.07136283814907074
2460,1,1,1,0.461764395236969
2461,1,0,0,0.7550628781318665
2462,1,0,0,0.8268746733665466
2463,1,0,0,0.18230190873146057
2464,1,0,0,1.03898286819458
2465,1,1,1,0.30299830436706543
2466,1,0,0,0.6670103073120117
2467,1,0,0,0.5567745566368103
2468,1,0,0,0.2540501058101654
2469,1,1,1,1.6711266040802002
2470,0,0,1,1.2127684354782104
2471,1,1,1,0.23765169084072113
2472,1,0,0,0.07377121597528458
2473,1,1,1,0.20152346789836884
2474,1,0,0,0.6137405037879944
2475,1,0,0,1.0964620113372803
2476,1,0,0,1.2815213203430176
2477,1,0,0,2.4101383686065674
2478,1,0,0,0.5318360328674316
2479,1,0,0,0.8884143829345703
2480,1,0,0,0.01471516489982605
2481,1,0,0,0.3542467951774597
2482,1,1,1,0.7290938496589661
2483,1,1,1,0.02086184173822403
2484,1,0,0,0.07822378724813461
2485,1,1,1,0.5359262824058533
2486,1,1,1,1.6776405572891235
2487,1,1,1,0.460249125957489
2488,1,1,1,0.56485915184021
2489,1,0,0,0.16623026132583618
2490,1,1,1,0.3786928653717041
2491,1,0,0,1.5150320529937744
2492,1,0,0,0.003451324999332428
2493,1,0,0,0.7751615643501282
2494,1,0,0,0.10814652591943741
2495,1,1,1,0.7893499732017517
2496,1,1,1,0.12564128637313843
2497,1,0,0,0.35907745361328125
2498,1,0,0,0.5342310070991516
2499,1,1,1,1.7329862117767334
2500,1,1,1,1.2138618230819702
2501,1,1,1,0.5534389615058899
2502,1,0,0,1.25886869430542
2503,1,1,1,0.6860795617103577
2504,1,1,1,0.6693885922431946
2505,1,0,0,0.2669306993484497
2506,1,0,0,1.2694100141525269
2507,1,1,1,0.6713709235191345
2508,1,0,0,0.09168312698602676
2509,1,1,1,0.8501395583152771
2510,1,1,1,1.6168251037597656
2511,1,1,1,0.021426770836114883
2512,1,1,1,0.4718075394630432
2513,1,1,1,1.3476158380508423
2514,1,1,1,0.4778946042060852
2515,1,0,0,0.6995560526847839
2516,1,0,0,0.8432894349098206
2517,1,0,0,0.8682270050048828
2518,1,0,0,1.030004620552063
2519,1,0,0,0.21085259318351746
2520,1,1,1,1.0455710887908936
2521,1,0,0,0.11488503962755203
2522,1,1,1,0.3375597596168518
2523,1,0,0,0.4270407557487488
2524,1,0,0,1.0363547801971436
2525,1,1,1,0.2293553501367569
2526,1,1,1,0.11219970881938934
2527,1,0,0,0.49561095237731934
2528,1,0,0,0.29981690645217896
2529,0,0,1,0.20570611953735352
2530,1,1,1,1.322503685951233
2531,0,0,1,0.5770427584648132
2532,1,0,0,0.6799249053001404
2533,1,0,0,0.19598564505577087
2534,1,0,0,0.26327386498451233
2535,1,0,0,0.8872944712638855
2536,1,1,1,-0.018979307264089584
2537,0,0,1,0.39197784662246704
2538,0,0,1,1.0414149761199951
2539,0,0,1,0.34486597776412964
2540,0,0,1,0.032148029655218124
2541,1,0,0,0.4991418123245239
2542,1,0,0,0.1449858844280243
2543,1,1,1,0.31657320261001587
2544,1,1,1,0.2560046315193176
2545,1,1,1,0.24097870290279388
2546,1,0,0,0.3833577334880829
2547,1,0,0,0.3442820906639099
2548,1,0,0,0.9118958711624146
2549,1,0,0,0.30305469036102295
2550,1,0,0,0.1811162531375885
2551,1,0,0,0.03155429661273956
2552,1,0,0,0.4724140167236328
2553,1,1,1,0.30585557222366333
2554,1,0,0,1.2849128246307373
2555,1,1,1,1.0149474143981934
2556,1,0,0,0.9327484965324402
2557,1,0,0,0.17381983995437622
2558,1,0,0,0.03461989760398865
2559,1,0,0,0.7313353419303894
2560,1,1,1,0.3155224323272705
2561,1,0,0,0.3814737796783447
2562,1,0,0,0.4476706385612488
2563,1,0,0,0.18709370493888855
2564,1,0,0,0.44873368740081787
2565,1,0,0,0.21403244137763977
2566,1,1,1,0.8224397301673889
2567,1,1,1,0.9504584670066833
2568,1,1,1,0.22031299769878387
2569,1,1,1,-0.006169304251670837
2570,1,0,0,0.8535743355751038
2571,1,0,0,0.6996037364006042
2572,1,0,0,0.2513219118118286
2573,1,1,1,0.513915479183197
2574,1,0,0,0.2623753249645233
2575,1,0,0,0.15071915090084076
2576,1,1,1,0.0617305226624012
2577,1,1,1,0.6937022805213928
2578,1,0,0,1.2121533155441284
2579,1,0,0,0.31924647092819214
2580,1,0,0,0.3852131962776184
2581,1,1,1,1.1969648599624634
2582,1,1,1,1.0614467859268188
2583,1,0,0,0.44192296266555786
2584,1,0,0,0.9224464297294617
2585,1,1,1,0.6915673017501831
2586,1,0,0,1.0317497253417969
2587,1,0,0,0.2307693064212799
2588,1,0,0,0.2634908854961395
2589,1,0,0,0.42792731523513794
2590,1,0,0,0.25532400608062744
2591,1,1,1,0.4900669455528259
2592,1,0,0,0.6149958372116089
2593,1,1,1,0.26475822925567627
2594,1,0,0,0.33654144406318665
2595,1,1,1,0.6644888520240784
2596,1,1,1,0.20549513399600983
2597,1,1,1,0.9337865710258484
2598,1,1,1,0.6860702633857727
2599,1,0,0,0.06942664831876755
2600,1,0,0,1.0421135425567627
2601,1,0,0,1.1215499639511108
2602,1,0,0,0.16881069540977478
2603,1,1,1,0.11977468430995941
2604,1,0,0,0.5279828310012817
2605,1,0,0,1.5978295803070068
2606,1,1,1,1.4271056652069092
2607,1,0,0,0.13559740781784058
2608,1,0,0,0.9934537410736084
2609,1,0,0,0.0907873660326004
2610,1,1,1,0.2649209499359131
2611,1,1,1,0.1571883112192154
2612,1,0,0,0.5090497136116028
2613,1,0,0,0.22372806072235107
2614,1,0,0,0.08134642243385315
2615,1,1,1,0.3290535509586334
2616,1,0,0,0.45097702741622925
2617,1,0,0,0.7612999677658081
2618,1,1,1,1.1756938695907593
2619,1,0,0,0.7204226851463318
2620,1,0,0,1.081594467163086
2621,1,0,0,0.18731099367141724
2622,1,1,1,0.33173608779907227
2623,1,1,1,0.4189939498901367
2624,1,0,0,0.45415884256362915
2625,1,0,0,0.08753231167793274
2626,1,0,0,1.5677847862243652
2627,1,0,0,0.545218288898468
2628,1,1,1,0.35182684659957886
2629,1,0,0,1.286892056465149
2630,1,1,1,0.22371737658977509
2631,1,0,0,0.45044219493865967
2632,1,0,0,0.28326961398124695
2633,1,0,0,0.14330746233463287
2634,1,0,0,2.070760726928711
2635,1,0,0,-0.0017288550734519958
2636,1,1,1,0.21950705349445343
2637,1,1,1,0.006674706935882568
2638,1,0,0,0.7672452330589294
2639,1,0,0,0.25622645020484924
2640,1,0,0,0.7948615550994873
2641,1,1,1,0.8456100821495056
2642,1,1,1,0.07067658007144928
2643,1,0,0,1.1055867671966553
2644,1,0,0,0.5488592982292175
2645,1,1,1,0.0906163901090622
2646,1,0,0,0.23250165581703186
2647,1,1,1,0.1791623830795288
2648,1,1,1,0.835594117641449
2649,1,1,1,0.3532570004463196
2650,1,0,0,0.5919438004493713
2651,1,1,1,0.4890429377555847
2652,1,0,0,0.3914833664894104
2653,1,0,0,0.06939719617366791
2654,1,0,0,0.5553881525993347
2655,1,1,1,0.7503299117088318
2656,1,0,0,0.26129665970802307
2657,1,0,0,0.06108499690890312
2658,1,0,0,0.790512204170227
2659,1,1,1,0.043509919196367264
2660,1,0,0,0.5554664731025696
2661,1,0,0,0.9018482565879822
2662,1,0,0,0.13161450624465942
2663,1,0,0,0.08141675591468811
2664,1,0,0,0.41055238246917725
2665,1,0,0,1.2552287578582764
2666,1,0,0,0.6654898524284363
2667,1,1,1,0.27863815426826477
2668,1,1,1,0.6335292458534241
2669,1,0,0,0.7850459814071655
2670,1,0,0,0.47927674651145935
2671,1,0,0,0.6238649487495422
2672,1,0,0,0.45384877920150757
2673,1,1,1,0.8009025454521179
2674,1,0,0,0.11295511573553085
2675,1,0,0,0.3296436369419098
2676,1,0,0,0.03541649132966995
2677,1,0,0,0.28861868381500244
2678,1,0,0,0.12577679753303528
2679,1,1,1,0.027623970061540604
2680,1,1,1,0.3442046642303467
2681,1,0,0,0.7678230404853821
2682,1,1,1,1.788027048110962
2683,1,0,0,0.7544316053390503
2684,1,0,0,0.19151511788368225
2685,1,0,0,0.25510919094085693
2686,1,1,1,1.567794919013977
2687,1,1,1,1.0014821290969849
2688,1,1,1,1.4543839693069458
2689,1,0,0,1.8305333852767944
2690,1,1,1,0.029892895370721817
2691,1,0,0,0.22183990478515625
2692,1,0,0,0.5519284009933472
2693,1,0,0,0.11119277030229568
2694,1,0,0,0.07473194599151611
2695,1,0,0,1.4967560768127441
2696,1,1,1,0.8858546614646912
2697,1,0,0,0.45914965867996216
2698,1,1,1,1.1836005449295044
2699,1,1,1,0.11171162128448486
2700,1,0,0,1.9838595390319824
2701,1,1,1,0.16675522923469543
2702,1,0,0,-0.012989029288291931
2703,1,0,0,0.26878026127815247
2704,1,0,0,0.30163899064064026
2705,1,1,1,0.36422544717788696
2706,1,0,0,0.48138079047203064
2707,1,1,1,0.10330455005168915
2708,1,1,1,0.40991151332855225
2709,1,0,0,0.1355486512184143
2710,1,1,1,0.53802889585495
2711,1,0,0,0.6016798615455627
2712,1,1,1,0.8328407406806946
2713,1,0,0,0.6375712752342224
2714,1,1,1,0.012135837227106094
2715,1,0,0,0.3960076868534088
2716,1,1,1,0.17860771715641022
2717,1,0,0,0.9134735465049744
2718,1,1,1,1.1229500770568848
2719,1,0,0,0.2893470525741577
2720,1,0,0,0.1399122178554535
2721,1,0,0,0.47936850786209106
2722,1,0,0,1.4106154441833496
2723,1,0,0,0.41170546412467957
2724,1,1,1,0.3648757338523865
2725,1,0,0,1.0603444576263428
2726,1,1,1,0.4315967261791229
2727,1,0,0,0.18132683634757996
2728,1,1,1,0.47431373596191406
2729,1,0,0,0.28516846895217896
2730,1,1,1,0.4846990704536438
2731,1,0,0,0.7879865169525146
2732,1,0,0,0.18461450934410095
2733,1,1,1,0.2352539449930191
2734,1,0,0,0.9307991862297058
2735,1,1,1,0.5211678743362427
2736,1,0,0,1.4883092641830444
2737,1,1,1,0.6948420405387878
2738,1,1,1,0.6309024691581726
2739,1,1,1,0.14115069806575775
2740,1,1,1,0.3477475047111511
2741,1,0,0,0.6821025013923645
2742,1,0,0,0.12101275473833084
2743,1,1,1,0.7827603220939636
2744,1,0,0,0.05139143392443657
2745,1,1,1,0.6043634414672852
2746,1,0,0,-0.018522970378398895
2747,1,0,0,0.11217056959867477
2748,1,0,0,1.3439314365386963
2749,1,0,0,0.2983212471008301
2750,1,0,0,0.47272664308547974
2751,1,1,1,0.4593871235847473
2752,1,1,1,0.05839136615395546
2753,1,1,1,1.2409491539001465
2754,1,1,1,0.6418331265449524
2755,1,0,0,1.717458963394165
2756,1,1,1,0.3111457824707031
2757,1,1,1,0.9592178463935852
2758,1,0,0,0.8308048844337463
2759,1,0,0,0.09502963721752167
2760,1,0,0,1.7720768451690674
2761,1,1,1,0.7794039845466614
2762,1,0,0,0.6340690851211548
2763,1,1,1,0.7641146779060364
2764,1,0,0,0.2237694263458252
2765,1,1,1,0.9870812296867371
2766,1,1,1,1.1899793148040771
2767,1,1,1,1.2966312170028687
2768,1,0,0,1.423539638519287
2769,1,0,0,1.68973970413208
2770,1,1,1,0.3662446141242981
2771,1,0,0,0.6360101699829102
2772,1,1,1,0.6543379426002502
2773,1,1,1,1.6593632698059082
2774,1,1,1,1.8663859367370605
2775,1,0,0,0.7516605257987976
2776,1,1,1,1.149192214012146
2777,1,1,1,0.06272269785404205
2778,1,1,1,0.8742201328277588
2779,1,1,1,1.0447778701782227
2780,1,1,1,0.024093959480524063
2781,1,1,1,1.0724372863769531
2782,1,1,1,0.7621694803237915
2783,1,0,0,0.5867582559585571
2784,1,0,0,1.7913751602172852
2785,1,1,1,0.46588993072509766
2786,1,1,1,0.722873866558075
2787,1,1,1,0.4801632761955261
2788,1,1,1,1.866109848022461
2789,1,0,0,0.19520163536071777
2790,1,1,1,0.07442741096019745
2791,1,0,0,0.18638095259666443
2792,1,0,0,1.2440232038497925
2793,1,0,0,0.45044755935668945
2794,1,1,1,0.0024111345410346985
2795,1,0,0,1.091679334640503
2796,1,0,0,-0.032321684062480927
2797,1,1,1,0.20679710805416107
2798,1,1,1,1.247972846031189
2799,1,0,0,0.5275441408157349
2800,1,1,1,0.2832189202308655
2801,1,1,1,0.18051184713840485
2802,1,1,1,1.2327975034713745
2803,1,0,0,-0.011047504842281342
2804,1,0,0,0.5759900212287903
2805,1,1,1,0.9514191746711731
2806,1,0,0,0.40533167123794556
2807,1,1,1,1.3483150005340576
2808,1,1,1,0.46094197034835815
2809,1,1,1,0.2757005989551544
2810,1,1,1,0.30419135093688965
2811,1,1,1,-0.017888572067022324
2812,1,0,0,1.0685508251190186
2813,1,1,1,0.1635126769542694
2814,1,0,0,0.7410849928855896
2815,1,1,1,1.090001106262207
2816,1,1,1,0.6372619867324829
2817,1,1,1,0.4815537929534912
2818,1,1,1,0.03579503670334816
2819,1,0,0,0.44038987159729004
2820,1,0,0,0.6210364699363708
2821,1,1,1,0.3904349207878113
2822,1,0,0,0.8367798924446106
2823,1,0,0,0.8947319984436035
2824,1,1,1,0.12711791694164276
2825,1,0,0,0.9342833161354065
2826,1,0,0,0.35452449321746826
2827,1,0,0,0.2985993027687073
2828,1,1,1,0.03927807882428169
2829,1,0,0,0.07150496542453766
2830,1,0,0,0.2647095024585724
2831,1,1,1,0.9611726999282837
2832,1,1,1,1.7883409261703491
2833,1,0,0,1.2182323932647705
2834,1,0,0,0.15328705310821533
2835,1,0,0,0.4983278512954712
2836,1,0,0,0.37794557213783264
2837,1,1,1,1.236253023147583
2838,1,0,0,0.2929561734199524
2839,1,1,1,0.7898531556129456
2840,1,0,0,0.11882798373699188
2841,1,0,0,0.3385380804538727
2842,1,1,1,0.6384255290031433
2843,1,0,0,0.2953197956085205
2844,1,1,1,0.1297062635421753
2845,1,0,0,0.783119261264801
2846,1,0,0,1.5678186416625977
2847,1,1,1,0.21814943850040436
2848,1,1,1,0.06784187257289886
2849,1,1,1,0.12085025012493134
2850,1,0,0,0.9499140977859497
2851,1,1,1,0.19642183184623718
2852,1,1,1,0.5354852676391602
2853,1,1,1,0.5944275259971619
2854,1,0,0,0.4007202684879303
2855,1,1,1,1.324641466140747
2856,1,0,0,0.42271888256073
2857,1,0,0,0.06599665433168411
2858,1,0,0,0.12891341745853424
2859,1,1,1,1.7845027446746826
2860,1,1,1,0.5008814930915833
2861,1,0,0,1.6114070415496826
2862,1,0,0,0.051707636564970016
2863,1,1,1,0.3785139322280884
2864,1,0,0,0.3539941906929016
2865,1,0,0,2.1658873558044434
2866,1,0,0,-0.008646462112665176
2867,1,0,0,0.37444132566452026
2868,1,0,0,0.33863365650177
2869,1,1,1,0.0007029809057712555
2870,1,1,1,0.7040594816207886
2871,1,0,0,1.08823823928833
2872,1,1,1,0.4478107988834381
2873,1,0,0,0.32852011919021606
2874,1,1,1,0.011519297957420349
2875,1,1,1,0.012218531221151352
2876,1,0,0,0.354153037071228
2877,1,0,0,0.3421351909637451
2878,1,0,0,0.0797901526093483
2879,1,1,1,0.29219967126846313
2880,1,0,0,0.12157047539949417
2881,1,1,1,0.0944591611623764
2882,1,0,0,1.5131549835205078
2883,1,1,1,0.09371702373027802
2884,1,0,0,0.442979097366333
2885,1,0,0,0.28521528840065
2886,1,0,0,1.1374790668487549
2887,1,0,0,0.3812791407108307
2888,1,0,0,0.12757033109664917
2889,1,0,0,0.09405192732810974
2890,1,1,1,0.27039921283721924
2891,1,1,1,0.25842127203941345
2892,1,0,0,0.582216203212738
2893,1,1,1,0.8742080926895142
2894,1,1,1,0.09223787486553192
2895,1,0,0,0.3729209899902344
2896,1,0,0,-0.010420490056276321
2897,1,1,1,0.7198410630226135
2898,1,1,1,0.473167359828949
2899,1,0,0,0.13105958700180054
2900,1,1,1,0.5579251050949097
2901,1,0,0,0.3396422564983368
2902,1,1,1,0.14637227356433868
2903,1,1,1,0.619228184223175
2904,1,0,0,1.089928150177002
2905,1,0,0,1.7833483219146729
2906,1,0,0,1.1981828212738037
2907,1,1,1,0.22563742101192474
2908,1,1,1,0.1814250349998474
2909,1,0,0,0.32413047552108765
2910,1,1,1,0.27532052993774414
2911,1,1,1,0.0946250706911087
2912,1,0,0,0.5908955931663513
2913,1,0,0,0.7858516573905945
2914,1,1,1,0.2804907560348511
2915,1,1,1,0.21760474145412445
2916,1,1,1,0.4087807834148407
2917,1,1,1,0.6809499859809875
2918,1,0,0,0.7109461426734924
2919,1,0,0,0.03158105909824371
2920,1,1,1,0.2974112629890442
2921,1,1,1,1.3823908567428589
2922,1,1,1,0.3315683603286743
2923,1,0,0,0.229474276304245
2924,1,1,1,0.1658552587032318
2925,1,1,1,0.9573459625244141
2926,1,1,1,0.5930125117301941
2927,0,1,0,0.25439199805259705
2928,0,0,1,0.16460922360420227
2929,0,0,1,0.13624942302703857
2930,0,1,0,0.3040795922279358
2931,0,0,1,0.5608409643173218
2932,0,1,0,0.7984705567359924
2933,0,1,0,0.5304091572761536
2934,0,0,1,0.02659490890800953
2935,0,0,1,0.696933925151825
2936,0,0,1,1.5338424444198608
2937,0,0,1,0.3878819942474365
2938,0,0,1,0.6287493109703064
2939,0,0,1,1.1887091398239136
2940,0,1,0,1.6418018341064453
2941,0,0,1,0.9943395256996155
2942,0,0,1,0.30116507411003113
2943,0,0,1,0.4664689302444458
2944,0,0,1,2.3231444358825684
2945,0,1,0,1.4146384000778198
2946,0,0,1,1.2805328369140625
2947,0,0,1,1.4039688110351562
2948,0,1,0,0.7780632376670837
2949,0,1,0,1.8199018239974976
2950,0,1,0,0.6508671641349792
2951,0,0,1,1.0715627670288086
2952,0,0,1,1.5221821069717407
2953,0,0,1,1.3183329105377197
2954,0,0,1,1.3222516775131226
2955,0,0,1,0.9805854558944702
2956,0,0,1,1.1094770431518555
2957,0,1,0,0.8871148228645325
2958,0,0,1,1.514319658279419
2959,0,0,1,0.8971574306488037
2960,0,0,1,0.4954046905040741
2961,0,0,1,1.4501063823699951
2962,0,0,1,0.5663845539093018
2963,0,0,1,1.4621295928955078
2964,0,0,1,0.4489281177520752
2965,0,0,1,0.6437119841575623
2966,0,0,1,1.4241158962249756
2967,0,0,1,0.6914770007133484
2968,0,0,1,0.11196546256542206
2969,0,1,0,0.6527642607688904
2970,0,0,1,1.406241774559021
2971,0,0,1,1.7931560277938843
2972,0,0,1,1.6291332244873047
2973,0,0,1,0.4606126546859741
2974,0,0,1,1.5994932651519775
2975,0,0,1,0.7515403628349304
2976,0,0,1,0.07983717322349548
2977,0,0,1,0.16531333327293396
2978,0,0,1,1.5013043880462646
2979,0,0,1,1.628883957862854
2980,0,0,1,1.8048352003097534
2981,0,0,1,0.6430144906044006
2982,0,0,1,0.30710411071777344
2983,0,1,0,0.32322025299072266
2984,0,0,1,1.0762748718261719
2985,0,1,0,0.05361125245690346
2986,0,0,1,0.6406252980232239
2987,0,0,1,1.173872470855713
2988,0,1,0,1.0721218585968018
2989,0,1,0,1.090024471282959
2990,0,1,0,0.4118814468383789
2991,0,0,1,1.1096560955047607
2992,0,0,1,0.7234185338020325
2993,0,1,0,-0.014162536710500717
2994,0,0,1,1.855141282081604
2995,0,0,1,1.098876953125
2996,0,0,1,0.9912756681442261
2997,0,0,1,0.12629424035549164
2998,0,0,1,0.474534273147583
2999,0,1,0,0.15404663980007172
3000,0,1,0,0.1108270138502121
3001,0,1,0,0.26580750942230225
3002,0,1,0,0.9335164427757263
3003,0,0,1,0.46322184801101685
3004,0,1,0,0.01954936981201172
3005,0,0,1,0.171024888753891
3006,0,0,1,0.16622242331504822
3007,0,0,1,0.7640886902809143
3008,0,0,1,0.1867171823978424
3009,0,0,1,0.4955903887748718
3010,0,0,1,1.6284135580062866
3011,0,0,1,0.41886696219444275
3012,0,1,0,0.74111407995224
3013,0,1,0,0.5379508137702942
3014,0,0,1,0.44298577308654785
3015,0,0,1,1.2494981288909912
3016,0,1,0,1.0260796546936035
3017,0,0,1,0.08327977359294891
3018,0,0,1,1.1514148712158203
3019,0,0,1,1.4049413204193115
3020,0,0,1,1.3277406692504883
3021,0,0,1,0.592147946357727
3022,0,0,1,0.08152170479297638
3023,0,0,1,0.057867974042892456
3024,0,0,1,1.1036994457244873
3025,0,0,1,1.609823226928711
3026,0,0,1,0.6954286694526672
3027,0,1,0,0.9975596070289612
3028,0,0,1,0.5987913608551025
3029,0,1,0,0.9794192910194397
3030,0,1,0,0.042744774371385574
3031,0,0,1,0.3531481623649597
3032,0,0,1,1.4913790225982666
3033,0,0,1,0.9160764813423157
3034,0,0,1,0.8632054924964905
3035,0,0,1,0.15786948800086975
3036,0,0,1,0.02580319531261921
3037,0,0,1,2.1866629123687744
3038,0,0,1,0.7132304906845093
3039,0,0,1,0.905836820602417
3040,0,0,1,0.5636659264564514
3041,0,1,0,0.42968055605888367
3042,0,0,1,0.13379770517349243
3043,0,0,1,1.3973464965820312
3044,0,1,0,-0.055697809904813766
3045,0,0,1,0.34539490938186646
3046,0,0,1,1.0989692211151123
3047,0,0,1,0.09437082707881927
3048,0,0,1,0.7451273202896118
3049,0,0,1,1.184727430343628
3050,0,1,0,1.3203998804092407
3051,0,0,1,1.4876163005828857
3052,0,0,1,0.8870592713356018
3053,0,1,0,0.7038410902023315
3054,0,0,1,0.8384203314781189
3055,0,1,0,1.2290034294128418
3056,0,1,0,1.5671818256378174
3057,0,1,0,0.13150297105312347
3058,0,1,0,0.20030629634857178
3059,0,1,0,0.9609523415565491
3060,0,1,0,0.1736551970243454
3061,0,0,1,1.0128839015960693
3062,0,0,1,0.6518540978431702
3063,0,0,1,0.7753174304962158
3064,0,0,1,1.4594045877456665
3065,0,1,0,0.08231370151042938
3066,0,0,1,0.1665579080581665
3067,0,0,1,1.035198450088501
3068,0,0,1,1.4791775941848755
3069,0,0,1,0.32470738887786865
3070,0,0,1,0.2704312801361084
3071,0,0,1,0.08532112091779709
3072,0,0,1,0.02594730816781521
3073,0,0,1,0.1856907308101654
3074,0,0,1,0.49493542313575745
3075,0,0,1,0.38984838128089905
3076,0,0,1,1.246884822845459
3077,0,1,0,0.3509348928928375
3078,0,1,0,2.210000991821289
3079,0,1,0,1.0749390125274658
3080,0,1,0,0.09659336507320404
3081,0,0,1,1.705273985862732
3082,0,0,1,0.5653412938117981
3083,0,0,1,0.34632033109664917
3084,0,0,1,0.37041687965393066
3085,0,0,1,0.6100003123283386
3086,0,0,1,0.6382076740264893
3087,0,0,1,0.17583921551704407
3088,0,0,1,2.3192548751831055
3089,0,0,1,0.9199326038360596
3090,0,0,1,0.3044828176498413
3091,0,0,1,1.0993266105651855
3092,0,0,1,0.040688589215278625
3093,0,1,0,0.09848703444004059
3094,0,0,1,1.0731446743011475
3095,0,0,1,0.21503952145576477
3096,0,0,1,0.18420088291168213
3097,0,0,1,1.2436267137527466
3098,0,1,0,0.11464367806911469
3099,0,0,1,0.4390592575073242
3100,0,1,0,0.08885042369365692
3101,0,0,1,1.5236717462539673
3102,0,0,1,0.3160138726234436
3103,0,0,1,0.052326057106256485
3104,0,1,0,-0.006636809557676315
3105,0,0,1,1.6822891235351562
3106,0,0,1,0.9039098620414734
3107,0,0,1,0.06813081353902817
3108,0,0,1,0.5469316840171814
3109,0,0,1,0.46146613359451294
3110,0,0,1,1.3436167240142822
3111,0,0,1,1.1686469316482544
3112,0,0,1,0.13798311352729797
3113,0,0,1,1.2565281391143799
3114,0,1,0,0.3059706687927246
3115,0,0,1,1.0031776428222656
3116,0,0,1,0.9449564814567566
3117,0,0,1,0.2169022560119629
3118,0,0,1,1.4132386445999146
3119,0,0,1,1.307332992553711
3120,0,0,1,0.3548502027988434
3121,0,1,0,0.6285080313682556
3122,0,0,1,0.9651534557342529
3123,0,1,0,0.5781408548355103
3124,0,0,1,0.6146219372749329
3125,0,0,1,1.1120378971099854
3126,0,0,1,0.5157525539398193
3127,0,0,1,2.116050958633423
3128,0,1,0,0.14374347031116486
3129,0,1,0,0.15950772166252136
3130,0,1,0,0.2096136063337326
3131,0,1,0,0.4198342263698578
3132,0,0,1,1.1495671272277832
3133,0,0,1,0.2933969795703888
3134,0,0,1,1.3813161849975586
3135,0,1,0,0.2499220222234726
3136,0,0,1,0.9487184882164001
3137,0,1,0,0.32976096868515015
3138,0,0,1,1.468085765838623
3139,0,0,1,1.0948433876037598
3140,0,1,0,0.38170498609542847
3141,0,0,1,0.04119708761572838
3142,0,0,1,0.5253817439079285
3143,0,0,1,1.9001668691635132
3144,0,0,1,1.2315757274627686
3145,0,1,0,0.3605210781097412
3146,0,0,1,1.8414697647094727
3147,0,0,1,0.788162887096405
3148,0,0,1,1.1620086431503296
3149,0,1,0,0.2763189971446991
3150,0,1,0,0.10411591827869415
3151,0,0,1,0.25857338309288025
3152,0,0,1,1.3989826440811157
3153,0,0,1,1.6186116933822632
3154,0,1,0,0.2373724728822708
3155,0,0,1,0.687430739402771
3156,0,0,1,0.7790680527687073
3157,0,0,1,0.08915895223617554
3158,0,0,1,0.8500074148178101
3159,0,0,1,0.8777408599853516
3160,0,1,0,0.05091005936264992
3161,0,0,1,1.2167832851409912
3162,0,0,1,1.536773443222046
3163,0,0,1,1.0337508916854858
3164,0,0,1,1.6547284126281738
3165,0,1,0,0.6824081540107727
3166,0,0,1,0.9321123957633972
3167,0,0,1,1.852199673652649
3168,0,0,1,1.2765440940856934
3169,0,0,1,0.08035068958997726
3170,0,1,0,0.2821319103240967
3171,0,0,1,0.19818875193595886
3172,0,0,1,1.5090422630310059
3173,0,0,1,0.6473023891448975
3174,0,0,1,1.4693386554718018
3175,0,1,0,0.010187197476625443
3176,0,1,0,0.9222579598426819
3177,0,0,1,0.3500550091266632
3178,0,1,0,0.36831411719322205
3179,0,0,1,1.215874195098877
3180,0,1,0,0.1664440929889679
3181,0,0,1,0.9875702261924744
3182,0,0,1,0.7584279179573059
3183,0,1,0,0.27106067538261414
3184,0,0,1,1.5778857469558716
3185,0,0,1,0.43966102600097656
3186,0,1,0,0.009835675358772278
3187,0,0,1,0.939294159412384
3188,0,0,1,0.5125882029533386
3189,0,0,1,0.9957588315010071
3190,0,0,1,1.1577234268188477
3191,0,1,0,0.17634283006191254
3192,0,1,0,0.6296341419219971
3193,0,1,0,0.17556311190128326
3194,0,0,1,1.0592014789581299
3195,0,0,1,0.6400066018104553
3196,0,1,0,0.9040210247039795
3197,0,0,1,0.9538397789001465
3198,0,0,1,0.9230330586433411
3199,0,1,0,0.028602536767721176
3200,0,0,1,0.7077597975730896
3201,0,0,1,0.3305325508117676
3202,0,0,1,1.747926115989685
3203,0,0,1,1.5111793279647827
3204,0,0,1,1.5310412645339966
3205,0,0,1,0.11937359720468521
3206,0,0,1,0.681302011013031
3207,0,0,1,1.3310948610305786
3208,0,0,1,1.1696857213974
3209,0,0,1,0.525053858757019
3210,0,0,1,1.4683701992034912
3211,0,0,1,0.9523014426231384
3212,0,0,1,0.04204641282558441
3213,0,0,1,0.9816738963127136
3214,0,0,1,0.4000406265258789
3215,0,0,1,0.18056783080101013
3216,0,0,1,1.0935518741607666
3217,0,1,0,0.011445630341768265
3218,0,0,1,0.8126415014266968
3219,0,0,1,1.522153615951538
3220,0,1,0,0.13783788681030273
3221,0,1,0,0.45335662364959717
3222,0,1,0,0.6648468375205994
3223,0,0,1,1.8745630979537964
3224,0,0,1,0.2701112926006317
3225,0,0,1,0.2207178771495819
3226,0,0,1,0.7389760613441467
3227,0,0,1,0.7259929776191711
3228,0,1,0,0.21287120878696442
3229,0,1,0,-0.007412891834974289
3230,0,0,1,-0.004427045583724976
3231,0,0,1,0.7978436350822449
3232,0,1,0,0.9105258584022522
3233,0,0,1,0.996500551700592
3234,0,0,1,0.6955081820487976
3235,0,0,1,0.9869769215583801
3236,0,1,0,0.07374881207942963
3237,0,0,1,0.025978507474064827
3238,0,0,1,0.701847493648529
3239,0,1,0,0.2990202307701111
3240,0,0,1,0.9692961573600769
3241,0,0,1,1.4970703125
3242,0,0,1,0.03140952065587044
3243,0,0,1,-0.00912773609161377
3244,0,0,1,0.09385665506124496
3245,0,1,0,0.4945746064186096
3246,0,0,1,1.0043556690216064
3247,0,0,1,1.0438801050186157
3248,0,0,1,1.0164587497711182
3249,0,1,0,0.2988111674785614
3250,0,0,1,0.6761135458946228
3251,0,0,1,1.3718432188034058
3252,0,0,1,1.1939183473587036
3253,0,1,0,0.5556735992431641
3254,0,0,1,1.5373470783233643
3255,0,0,1,1.6957430839538574
3256,0,1,0,0.5020520687103271
3257,0,0,1,0.45793697237968445
3258,0,1,0,-0.02365562692284584
3259,0,0,1,0.520062267780304
3260,0,0,1,1.0186293125152588
3261,0,0,1,0.07129446417093277
3262,0,1,0,0.07465875148773193
3263,0,0,1,1.3327198028564453
3264,0,1,0,0.47562235593795776
3265,0,0,1,2.109419584274292
3266,0,0,1,0.03216956555843353
3267,0,0,1,0.63436359167099
3268,0,0,1,1.8239383697509766
3269,0,0,1,2.8024473190307617
3270,0,0,1,1.011899471282959
3271,0,1,0,0.31979289650917053
3272,0,0,1,1.0625684261322021
3273,0,0,1,1.9927326440811157
3274,0,0,1,0.14405259490013123
3275,0,0,1,1.0087491273880005
3276,0,0,1,1.149573802947998
3277,0,0,1,1.5581815242767334
3278,0,0,1,1.2780735492706299
3279,0,1,0,-0.040008340030908585
3280,0,0,1,1.1541924476623535
3281,0,0,1,0.9780301451683044
3282,0,0,1,1.2413601875305176
3283,0,1,0,1.1524934768676758
3284,0,0,1,1.2524279356002808
3285,0,0,1,0.858349621295929
3286,0,1,0,0.7942647337913513
3287,0,0,1,0.06895927339792252
3288,1,0,0,0.7431343197822571
3289,0,1,0,0.3044317364692688
3290,0,0,1,1.1900715827941895
3291,0,0,1,0.8283135294914246
3292,0,0,1,0.21325987577438354
3293,0,0,1,1.5357578992843628
3294,0,0,1,1.5209107398986816
3295,0,0,1,0.9956281185150146
3296,0,0,1,1.2096245288848877
3297,0,0,1,0.19015365839004517
3298,0,0,1,0.25788235664367676
3299,0,0,1,0.7382605075836182
3300,0,1,0,0.8168771862983704
3301,0,0,1,0.3710489869117737
3302,0,1,0,0.8054787516593933
3303,0,0,1,1.0500142574310303
3304,0,0,1,0.776790201663971
3305,0,0,1,2.3583645820617676
3306,0,0,1,0.7372466325759888
3307,0,0,1,0.7010303735733032
3308,0,0,1,0.8469343781471252
3309,0,0,1,0.27054327726364136
3310,0,0,1,1.4204514026641846
3311,0,0,1,1.3802992105484009
3312,0,0,1,0.09454597532749176
3313,0,0,1,0.7453221678733826
3314,0,0,1,0.023853261023759842
3315,0,1,0,0.5227514505386353
3316,0,0,1,0.6934416890144348
3317,0,0,1,0.37215322256088257
3318,0,0,1,1.6001057624816895
3319,0,0,1,1.2386159896850586
3320,0,0,1,0.40593284368515015
3321,0,0,1,1.01198148727417
3322,0,0,1,0.8028403520584106
3323,0,0,1,0.5563884377479553
3324,0,0,1,0.12626227736473083
3325,0,0,1,1.051560878753662
3326,0,0,1,0.5090027451515198
3327,0,0,1,0.3612656593322754
3328,0,0,1,0.26834267377853394
3329,0,1,0,0.3342103362083435
3330,0,0,1,1.7097440958023071
3331,0,0,1,1.2117748260498047
3332,0,0,1,0.7963812947273254
3333,0,0,1,1.0592246055603027
3334,0,0,1,0.8258959650993347
3335,0,1,0,0.07363876700401306
3336,0,0,1,0.932431161403656
3337,0,0,1,1.3871052265167236
3338,0,0,1,1.4992802143096924
3339,0,0,1,0.26611462235450745
3340,0,1,0,1.0114749670028687
3341,0,0,1,1.5345133543014526
3342,0,0,1,0.4784105718135834
3343,0,0,1,0.20954379439353943
3344,0,1,0,0.5354832410812378
3345,0,1,0,1.7389107942581177
3346,0,0,1,1.1308823823928833
3347,0,0,1,1.4851210117340088
3348,0,1,0,1.251085638999939
3349,0,0,1,0.918277382850647
3350,0,1,0,0.1127537190914154
3351,0,1,0,-0.04134930297732353
3352,0,0,1,0.6555330157279968
3353,0,0,1,0.6075555086135864
3354,0,0,1,0.5985419154167175
3355,0,0,1,0.7171297669410706
3356,0,1,0,0.9347990155220032
3357,0,0,1,1.461525321006775
3358,0,1,0,-0.010592278093099594
3359,0,0,1,0.39717328548431396
3360,0,1,0,0.2675529718399048
3361,0,0,1,0.8245843052864075
3362,0,0,1,1.4628965854644775
3363,0,0,1,0.07372677326202393
3364,0,0,1,1.3622164726257324
3365,0,1,0,0.696165144443512
3366,0,0,1,0.4510652422904968
3367,0,0,1,1.0049545764923096
3368,0,0,1,-0.0055797770619392395
3369,0,0,1,0.03843913972377777
3370,0,0,1,0.3489931523799896
3371,0,0,1,0.05960007756948471
3372,0,0,1,0.4152798652648926
3373,0,0,1,1.5960360765457153
3374,0,0,1,1.2905244827270508
3375,0,0,1,1.0855720043182373
3376,0,0,1,0.8222194314002991
3377,0,0,1,1.1371715068817139
3378,0,0,1,0.8764598965644836
3379,0,0,1,0.39172837138175964
3380,0,0,1,1.316265344619751
3381,0,0,1,1.0533792972564697
3382,0,0,1,0.8279574513435364
3383,0,1,0,0.2950184941291809
3384,0,0,1,1.2223066091537476
3385,0,1,0,1.0936908721923828
3386,0,0,1,1.3470232486724854
3387,0,1,0,0.009069528430700302
3388,0,0,1,1.0618200302124023
3389,0,1,0,0.5189569592475891
3390,0,0,1,0.6881853938102722
3391,0,0,1,1.0028821229934692
3392,0,0,1,0.07285797595977783
3393,0,0,1,0.29039710760116577
3394,0,1,0,0.16088247299194336
3395,0,1,0,0.26252299547195435
3396,0,1,0,0.9124416708946228
3397,0,1,0,0.5037229657173157
3398,0,0,1,0.3376289904117584
3399,0,0,1,1.7083876132965088
3400,0,0,1,0.4558376371860504
3401,0,0,1,1.5079913139343262
3402,0,0,1,1.1138609647750854
3403,0,0,1,0.40227729082107544
3404,0,1,0,1.4543901681900024
3405,0,1,0,0.03556099161505699
3406,0,1,0,0.5755556225776672
3407,0,0,1,0.6471626162528992
3408,0,0,1,1.3941431045532227
3409,0,0,1,0.10638712346553802
3410,0,0,1,1.5322070121765137
3411,0,0,1,0.6771178841590881
3412,0,0,1,0.6560570597648621
3413,0,0,1,0.723088800907135
3414,0,0,1,1.355187177658081
3415,0,0,1,1.4400805234909058
3416,0,0,1,0.026504425331950188
3417,0,0,1,0.7775047421455383
3418,0,1,0,0.7446643114089966
3419,0,1,0,-0.013209357857704163
3420,0,1,0,0.6848527193069458
3421,0,0,1,0.1014784500002861
3422,0,0,1,0.47893786430358887
3423,0,1,0,0.025765608996152878
3424,0,0,1,0.20471251010894775
3425,0,0,1,0.7594121694564819
3426,0,0,1,0.7549563050270081
3427,0,0,1,0.40910595655441284
3428,0,0,1,0.8154237270355225
3429,0,0,1,0.4257321059703827
3430,0,0,1,1.4205718040466309
3431,0,0,1,0.424643337726593
3432,0,1,0,0.5345959067344666
3433,0,0,1,0.25929129123687744
3434,0,1,0,0.7484579682350159
3435,0,0,1,0.6729376912117004
3436,0,1,0,0.7012855410575867
3437,0,0,1,1.7758420705795288
3438,0,0,1,1.3812501430511475
3439,0,0,1,1.5072672367095947
3440,0,0,1,1.2604775428771973
3441,0,0,1,0.7462434768676758
3442,0,0,1,1.1281094551086426
3443,0,1,0,0.1606885939836502
3444,0,0,1,1.0430057048797607
3445,0,1,0,1.4105520248413086
3446,0,1,0,0.8667585253715515
3447,0,1,0,1.0505986213684082
3448,0,0,1,0.24117255210876465
3449,0,1,0,0.0754225105047226
3450,0,1,0,0.9952613711357117
3451,0,0,1,0.946036159992218
3452,0,1,0,0.1730717271566391
3453,0,1,0,0.07742367684841156
3454,0,0,1,0.30913597345352173
3455,0,0,1,1.37376070022583
3456,0,1,0,1.050555944442749
3457,0,0,1,1.477620005607605
3458,0,0,1,1.5331916809082031
3459,0,0,1,0.8255495429039001
3460,0,1,0,1.7193784713745117
3461,0,1,0,0.06214981898665428
3462,0,1,0,1.9109126329421997
3463,0,0,1,0.20352572202682495
3464,0,1,0,1.6458073854446411
3465,0,1,0,1.908368468284607
3466,0,1,0,1.8380329608917236
3467,0,0,1,0.5367698669433594
3468,0,0,1,0.05532431602478027
3469,0,0,1,0.8099852204322815
3470,0,0,1,0.7965273857116699
3471,0,1,0,0.4371943771839142
3472,0,0,1,0.07962695509195328
3473,0,0,1,0.8284081816673279
3474,0,0,1,0.317114919424057
3475,0,0,1,0.5412639379501343
3476,0,0,1,0.26084235310554504
3477,0,0,1,0.030950892716646194
3478,0,0,1,0.7218884825706482
3479,0,1,0,0.06549391150474548
3480,0,0,1,0.13307741284370422
3481,0,0,1,0.42591461539268494
3482,0,1,0,0.17585813999176025
3483,0,1,0,0.98538738489151
3484,0,1,0,0.3352337181568146
3485,0,0,1,0.36534416675567627
3486,0,0,1,0.15173816680908203
3487,0,0,1,0.17776083946228027
3488,0,0,1,1.1181640625
3489,0,1,0,0.7023324966430664
3490,0,0,1,0.4321810007095337
3491,0,0,1,0.3213071823120117
3492,0,0,1,0.2625593841075897
3493,0,1,0,0.06194734200835228
3494,0,0,1,0.7547479271888733
3495,0,1,0,0.16121038794517517
3496,0,1,0,0.23125962913036346
3497,0,0,1,0.10553005337715149
3498,0,1,0,0.1310328245162964
3499,0,1,0,-0.006101470440626144
3500,0,1,0,0.6524006724357605
3501,0,1,0,-0.015966545790433884
3502,0,0,1,1.4114985466003418
3503,0,0,1,-0.021418720483779907
3504,0,1,0,0.283622682094574
3505,0,0,1,0.052236512303352356
3506,0,0,1,-0.04402897506952286
3507,0,1,0,-0.008598040789365768
3508,0,1,0,0.1656246930360794
3509,0,1,0,0.1430526226758957
3510,0,0,1,0.07969975471496582
3511,0,0,1,0.21156570315361023
3512,0,0,1,0.17241162061691284
3513,0,1,0,0.4083270728588104
3514,0,1,0,1.0565581321716309
3515,0,0,1,0.512413740158081
3516,0,1,0,0.5178243517875671
3517,0,0,1,0.07859449088573456
3518,0,1,0,0.800176739692688
3519,0,1,0,0.4941699504852295
3520,0,1,0,0.6590408682823181
3521,0,1,0,0.9872991442680359
3522,0,0,1,1.1003093719482422
3523,0,0,1,0.3249451518058777
3524,0,0,1,0.8601323962211609
3525,0,0,1,0.5515144467353821
3526,0,1,0,0.7751893401145935
3527,0,0,1,0.9578765630722046
3528,0,1,0,-0.04795451834797859
3529,0,0,1,0.5900827050209045
3530,0,1,0,0.4471571147441864
3531,0,1,0,0.506780207157135
3532,0,0,1,0.16234233975410461
3533,0,0,1,0.7294371128082275
3534,0,0,1,1.6449443101882935
3535,0,1,0,0.5613089203834534
3536,0,0,1,0.785159170627594
3537,0,0,1,1.2580807209014893
3538,0,1,0,-0.0044000111520290375
3539,0,1,0,0.2308766096830368
3540,0,1,0,0.088162362575531
3541,0,0,1,0.7885949015617371
3542,0,1,0,0.5914883613586426
3543,0,1,0,0.012760289013385773
3544,0,1,0,0.7344117760658264
3545,0,0,1,1.4699985980987549
3546,0,0,1,0.24169310927391052
3547,0,1,0,0.4822039008140564
3548,0,1,0,0.2299417108297348
3549,0,0,1,0.981803834438324
3550,0,1,0,0.6442061066627502
3551,0,0,1,0.3325679302215576
3552,0,0,1,0.4836907684803009
3553,0,0,1,0.05123232677578926
3554,0,0,1,0.4131183624267578
3555,0,0,1,0.05137227475643158
3556,0,1,0,0.08589495718479156
3557,0,1,0,0.024932876229286194
3558,0,0,1,0.21052944660186768
3559,0,0,1,1.6566327810287476
3560,0,0,1,0.49096184968948364
3561,0,1,0,0.7065585255622864
3562,0,0,1,0.4564323127269745
3563,0,0,1,0.23464420437812805
3564,0,0,1,0.43237975239753723
3565,0,0,1,0.760940432548523
3566,0,0,1,0.8007801175117493
3567,0,1,0,0.11126989126205444
3568,0,1,0,0.5590137243270874
3569,0,0,1,-0.000502370297908783
3570,0,0,1,0.057576391845941544
3571,0,0,1,0.26717954874038696
3572,0,0,1,0.02342812716960907
3573,0,1,0,0.6240664720535278
3574,0,0,1,0.2625821530818939
3575,0,1,0,0.793627917766571
3576,0,1,0,0.10981641709804535
3577,0,0,1,0.23248076438903809
3578,0,0,1,0.6667197942733765
3579,0,0,1,0.643650472164154
3580,0,0,1,1.5950560569763184
3581,0,0,1,0.6911555528640747
3582,0,0,1,0.2610565721988678
3583,0,0,1,0.824118435382843
3584,0,1,0,1.4273689985275269
3585,0,0,1,1.3793890476226807
3586,0,1,0,0.7565931081771851
3587,0,1,0,-0.00015416741371154785
3588,0,1,0,0.5941596627235413
3589,0,1,0,0.11374704539775848
3590,0,0,1,0.3302791714668274
3591,0,1,0,0.5349873900413513
3592,0,0,1,0.3732872009277344
3593,0,0,1,0.18898829817771912
3594,0,0,1,0.47744423151016235
3595,0,1,0,0.21305684745311737
3596,0,0,1,0.32229745388031006
3597,0,0,1,0.5093930959701538
3598,0,0,1,0.39257729053497314
3599,0,0,1,0.3941184878349304
3600,0,0,1,1.4289536476135254
3601,0,0,1,0.9004760384559631
3602,0,0,1,1.6783435344696045
3603,0,0,1,0.01694907620549202
3604,0,0,1,0.3802756071090698
3605,0,1,0,0.07366874814033508
3606,0,1,0,0.5849993824958801
3607,0,0,1,0.3054176867008209
3608,0,0,1,0.1313929557800293
3609,0,1,0,0.4217202067375183
3610,0,0,1,0.2264014482498169
3611,0,1,0,0.09185849130153656
3612,0,0,1,2.200312376022339
3613,0,1,0,0.3815074563026428
3614,0,1,0,0.31029343605041504
3615,0,0,1,0.22067150473594666
3616,0,1,0,0.501733660697937
3617,0,0,1,-0.007695820182561874
3618,0,1,0,0.35413694381713867
3619,0,0,1,0.311958372592926
3620,0,1,0,0.41202589869499207
3621,0,1,0,2.4691240787506104
3622,0,0,1,0.3383827805519104
3623,0,0,1,0.2734336256980896
3624,0,1,0,0.17318607866764069
3625,0,0,1,0.059916555881500244
3626,0,1,0,0.08296702802181244
3627,0,0,1,0.6523846983909607
3628,0,1,0,-0.01337829977273941
3629,0,0,1,0.11267519742250443
3630,0,1,0,0.1256079077720642
3631,0,0,1,0.6283836960792542
3632,0,0,1,0.7787498831748962
3633,0,0,1,1.6998295783996582
3634,0,1,0,0.17442069947719574
3635,0,0,1,0.47510606050491333
3636,0,0,1,0.12380794435739517
3637,0,0,1,0.9082874059677124
3638,0,0,1,0.7818815112113953
3639,0,0,1,0.035006627440452576
3640,0,0,1,0.30462008714675903
3641,0,1,0,0.45823007822036743
3642,0,1,0,0.7314702272415161
3643,0,1,0,0.00373256579041481
3644,0,1,0,0.6120359301567078
3645,0,1,0,0.06923119723796844
3646,0,1,0,0.023511331528425217
3647,0,1,0,0.23143519461154938
3648,0,0,1,0.5859174132347107
3649,0,1,0,1.3800203800201416
3650,0,0,1,0.720548689365387
3651,0,0,1,1.029853105545044
3652,0,1,0,0.15506719052791595
3653,0,1,0,0.046045977622270584
3654,0,1,0,0.06783366203308105
3655,0,0,1,0.6291176676750183
3656,0,1,0,1.180999517440796
3657,0,0,1,0.27398398518562317
3658,0,0,1,0.6707684397697449
3659,0,0,1,1.4355852603912354
3660,0,0,1,0.2598458230495453
3661,0,1,0,0.35508814454078674
3662,0,0,1,0.7243684530258179
3663,0,0,1,0.4528499245643616
3664,0,0,1,0.5839400887489319
3665,0,0,1,0.1818682849407196
3666,0,0,1,0.6208379864692688
3667,0,0,1,0.962841808795929
3668,0,0,1,0.8847512602806091
3669,0,1,0,0.493956983089447
3670,0,1,0,0.7348448038101196
3671,0,0,1,0.2871742844581604
3672,0,0,1,1.6518394947052002
3673,0,0,1,0.192010760307312
3674,0,1,0,-0.024073731154203415
3675,0,0,1,1.0091934204101562
3676,0,0,1,0.15782397985458374
3677,0,1,0,1.1483702659606934
3678,0,0,1,0.27553296089172363
3679,0,1,0,1.1848680973052979
3680,0,1,0,0.3306223452091217
3681,0,0,1,0.8097988963127136
3682,0,1,0,0.6855490207672119
3683,0,0,1,0.41263338923454285
3684,0,0,1,0.5575165748596191
3685,0,0,1,0.019003886729478836
3686,0,0,1,0.3008759021759033
3687,0,1,0,0.03664432093501091
3688,0,0,1,0.10586128383874893
3689,0,1,0,0.3186321258544922
3690,0,0,1,0.6970043182373047
3691,0,1,0,0.9962530732154846
3692,0,0,1,1.1889164447784424
3693,0,1,0,0.4961578845977783
3694,0,0,1,0.793440043926239
3695,0,1,0,0.24833448231220245
3696,0,0,1,0.10798696428537369
3697,0,0,1,0.30272310972213745
3698,0,1,0,0.05188151076436043
3699,0,1,0,0.6460166573524475
3700,0,0,1,0.548428475856781
3701,0,1,0,0.05526645854115486
3702,0,1,0,0.31225547194480896
3703,0,0,1,0.6466302871704102
3704,0,1,0,0.19850842654705048
3705,0,0,1,0.4550125002861023
3706,0,1,0,0.1706312894821167
3707,0,1,0,0.9098769426345825
3708,0,0,1,0.34035319089889526
3709,0,0,1,0.450997918844223
3710,0,0,1,0.21076229214668274
3711,0,1,0,0.005256500095129013
3712,0,1,0,0.5285598039627075
3713,0,0,1,0.07962397485971451
3714,0,0,1,0.38771867752075195
3715,0,0,1,0.0418563038110733
3716,0,1,0,0.4987941384315491
3717,0,1,0,0.16939161717891693
3718,0,0,1,0.153593510389328
3719,0,1,0,0.37487244606018066
3720,0,0,1,0.6257287263870239
3721,0,0,1,0.08705500513315201
3722,0,0,1,0.16931399703025818
3723,0,1,0,0.1607578843832016
3724,0,1,0,0.6897642016410828
3725,0,0,1,0.6597622632980347
3726,0,0,1,0.3170539438724518
3727,0,0,1,1.1160078048706055
3728,0,0,1,0.7250814437866211
3729,0,1,0,0.5361674427986145
3730,0,0,1,0.4119284749031067
3731,0,0,1,0.20355963706970215
3732,0,0,1,0.8365856409072876
3733,0,0,1,0.3035701513290405
3734,0,1,0,-0.03490997478365898
3735,0,0,1,0.20345965027809143
3736,0,1,0,0.04661575332283974
3737,0,1,0,0.04297591373324394
3738,0,0,1,0.7530485987663269
3739,0,1,0,0.17856842279434204
3740,0,1,0,0.238078311085701
3741,0,1,0,0.35043758153915405
3742,0,0,1,0.020187385380268097
3743,0,0,1,1.9687988758087158
3744,0,0,1,0.3915935158729553
3745,0,1,0,1.0531156063079834
3746,0,1,0,-0.017272930592298508
3747,0,0,1,0.16887477040290833
3748,0,0,1,0.02540671080350876
3749,0,0,1,-0.008012443780899048
3750,0,1,0,0.15552882850170135
3751,0,0,1,1.1136722564697266
3752,0,1,0,1.0738131999969482
3753,0,0,1,0.5632248520851135
3754,0,0,1,0.05058061704039574
3755,0,0,1,0.14394095540046692
3756,0,0,1,0.3968735635280609
3757,0,0,1,0.02820540778338909
3758,0,0,1,0.41205349564552307
3759,0,0,1,0.5912511348724365
3760,0,0,1,0.5530458688735962
3761,0,0,1,0.6507492661476135
3762,0,1,0,0.4104670584201813
3763,0,0,1,0.3169296383857727
3764,0,0,1,0.9152092337608337
3765,0,1,0,0.19683937728405
3766,0,0,1,0.16373008489608765
3767,0,0,1,-0.02727191150188446
3768,0,0,1,0.03915566951036453
3769,0,1,0,0.04767279699444771
3770,0,0,1,1.0416767597198486
3771,0,0,1,0.2921094000339508
3772,0,0,1,0.5277645587921143
3773,0,1,0,0.019008491188287735
3774,0,0,1,0.3878977298736572
3775,0,0,1,0.020008835941553116
3776,0,1,0,0.23298315703868866
3777,0,1,0,1.095611810684204
3778,0,1,0,0.6030078530311584
3779,0,1,0,0.6933091282844543
3780,0,0,1,0.7122930288314819
3781,0,0,1,0.8779121041297913
3782,0,0,1,0.4160991311073303
3783,0,0,1,0.4055890738964081
3784,0,0,1,0.8644955158233643
3785,0,0,1,0.827289342880249
3786,0,1,0,0.3631782829761505
3787,0,0,1,0.11548563092947006
3788,0,0,1,1.3865699768066406
3789,0,1,0,0.4496036767959595
3790,0,0,1,-0.012289710342884064
3791,0,0,1,-0.011495780199766159
3792,0,0,1,0.3658517003059387
3793,0,0,1,1.5271358489990234
3794,0,0,1,0.6617473363876343
3795,0,1,0,0.26568105816841125
3796,0,0,1,0.6434454321861267
3797,0,1,0,0.3452950119972229
3798,0,1,0,0.7463299632072449
3799,0,0,1,0.9216004610061646
3800,0,1,0,0.33619198203086853
3801,0,1,0,0.2220289558172226
3802,0,0,1,0.3127001225948334
3803,0,0,1,0.5621492862701416
3804,0,1,0,0.006347719579935074
3805,0,0,1,0.7617089152336121
3806,0,0,1,0.154445618391037
3807,0,0,1,0.5793590545654297
3808,0,0,1,0.3125896453857422
3809,0,0,1,0.40931665897369385
3810,0,0,1,0.6918888688087463
3811,0,0,1,0.8237372040748596
3812,0,1,0,0.6992226243019104
3813,0,0,1,2.110511064529419
3814,0,0,1,-0.007547680288553238
3815,0,1,0,0.8611794710159302
3816,0,1,0,1.72279691696167
3817,0,0,1,0.05887956544756889
3818,0,0,1,1.3532004356384277
3819,0,0,1,1.3750791549682617
3820,0,1,0,0.39491212368011475
3821,0,1,0,0.7188924551010132
3822,0,0,1,-0.030217163264751434
3823,0,0,1,0.4461836814880371
3824,0,1,0,0.11905716359615326
3825,0,0,1,0.6095302700996399
3826,0,0,1,0.7860451936721802
3827,0,0,1,0.26120391488075256
3828,0,0,1,0.09402769058942795
3829,0,1,0,0.7991878390312195
3830,0,1,0,0.19765543937683105
3831,0,0,1,0.4734237790107727
3832,0,0,1,0.06448884308338165
3833,0,0,1,0.06016000732779503
3834,0,0,1,0.6423630118370056
3835,0,0,1,-0.009620986878871918
3836,0,1,0,0.2684832811355591
3837,0,0,1,0.7197074294090271
3838,0,0,1,0.157496839761734
3839,0,0,1,0.1209765300154686
3840,0,0,1,0.9338653683662415
3841,0,0,1,0.14869320392608643
3842,0,0,1,0.14042532444000244
3843,0,1,0,1.3356280326843262
3844,0,1,0,1.7096452713012695
3845,0,1,0,0.46926814317703247
3846,0,0,1,0.312919944524765
3847,0,1,0,0.8659677505493164
3848,0,0,1,0.5280856490135193
3849,0,0,1,0.18137216567993164
3850,0,0,1,0.7490372061729431
3851,0,1,0,0.8400776386260986
3852,0,1,0,0.6160882711410522
3853,0,0,1,1.221382737159729
3854,0,1,0,0.4792148470878601
3855,0,1,0,0.21877627074718475
3856,0,1,0,0.8468677401542664
3857,0,1,0,0.1322137862443924
3858,0,0,1,0.4798475503921509
3859,0,1,0,0.45764070749282837
3860,0,0,1,0.054424505680799484
3861,0,0,1,0.8002728819847107
3862,0,1,0,0.45405852794647217
3863,0,0,1,0.7922833561897278
3864,0,1,0,0.12706148624420166
3865,0,0,1,1.8918251991271973
3866,0,0,1,0.26505815982818604
3867,0,1,0,0.5857930183410645
3868,0,0,1,1.0582168102264404
3869,0,0,1,0.9221190214157104
3870,0,0,1,0.3268977701663971
3871,0,0,1,0.2640410363674164
3872,0,0,1,0.16937261819839478
3873,0,0,1,0.4627590775489807
3874,0,1,0,0.1939423531293869
3875,0,0,1,1.6451420783996582
3876,0,1,0,0.6922377943992615
3877,0,1,0,0.6788017153739929
3878,0,1,0,0.18826574087142944
3879,0,0,1,0.4135337173938751
3880,0,0,1,0.44554048776626587
3881,0,0,1,0.3499637544155121
3882,0,0,1,1.03977370262146
3883,0,1,0,0.3047928214073181
3884,0,0,1,0.02926625683903694
3885,0,1,0,0.2821868062019348
3886,0,0,1,0.49793410301208496
3887,0,1,0,0.9354673027992249
3888,0,1,0,0.29658186435699463
3889,0,0,1,-0.025851652026176453
3890,0,0,1,1.598935842514038
3891,0,0,1,0.7187974452972412
3892,0,1,0,0.8401777148246765
3893,0,1,0,0.9672773480415344
3894,0,1,0,0.5140310525894165
3895,0,0,1,1.2415138483047485
3896,0,0,1,1.7559585571289062
3897,0,0,1,0.9957455992698669
3898,0,0,1,0.5968822240829468
3899,0,0,1,1.1695523262023926
3900,0,0,1,0.09888772666454315
3901,0,1,0,1.4409698247909546
3902,0,0,1,0.734150230884552
3903,0,0,1,0.92449551820755
3904,0,0,1,0.08529727160930634
3905,0,0,1,0.13678346574306488
3906,0,0,1,1.370244026184082
3907,0,0,1,0.5392925143241882
3908,0,1,0,0.4541739821434021
3909,0,1,0,0.5497083067893982
3910,0,0,1,-0.04176650196313858
3911,0,0,1,1.342739462852478
3912,0,0,1,0.016013413667678833
3913,0,1,0,1.1724165678024292
3914,0,1,0,0.9493283033370972
3915,0,0,1,0.018434390425682068
3916,0,0,1,0.24156171083450317
3917,0,0,1,0.08344236016273499
3918,0,0,1,0.08935267478227615
3919,0,1,0,0.46819007396698
3920,0,0,1,0.725358784198761
3921,0,1,0,0.786784291267395
3922,0,1,0,1.1249849796295166
3923,0,0,1,0.21347782015800476
3924,0,0,1,0.5112805366516113
3925,0,1,0,0.2729228138923645
3926,0,1,0,0.30377310514450073
3927,0,0,1,1.07796311378479
3928,0,1,0,0.026026513427495956
3929,0,1,0,0.19479157030582428
3930,0,0,1,0.49504756927490234
3931,0,1,0,0.7775269150733948
3932,0,1,0,0.29781854152679443
3933,0,0,1,0.22925126552581787
3934,0,0,1,2.0805256366729736
3935,0,0,1,0.04255504533648491
3936,0,0,1,0.23935413360595703
3937,0,0,1,0.5381572842597961
3938,0,0,1,1.5587302446365356
3939,0,1,0,0.4964599609375
3940,0,0,1,1.0167251825332642
3941,0,1,0,1.2372803688049316
3942,0,0,1,1.1609233617782593
3943,0,0,1,1.4034364223480225
3944,0,0,1,0.6039459705352783
3945,0,0,1,0.3919525742530823
3946,0,0,1,1.3100249767303467
3947,0,0,1,0.14660018682479858
3948,0,0,1,0.29495352506637573
3949,0,0,1,0.6810255646705627
3950,0,0,1,0.8300830721855164
3951,0,1,0,1.072655439376831
3952,0,0,1,1.3499741554260254
3953,0,0,1,0.6953103542327881
3954,0,0,1,0.4180639982223511
3955,0,1,0,0.20919504761695862
3956,0,0,1,0.0059760212898254395
3957,0,0,1,0.6057851910591125
3958,0,1,0,0.16919861733913422
3959,0,0,1,1.5107356309890747
3960,0,1,0,0.2336282581090927
3961,0,0,1,1.002886176109314
3962,0,0,1,0.8468844890594482
3963,0,0,1,0.7738481163978577
3964,0,1,0,0.6838597655296326
3965,0,1,0,1.174145221710205
3966,0,1,0,0.900267481803894
3967,0,0,1,1.6508305072784424
3968,0,0,1,0.462456613779068
3969,0,0,1,0.16361108422279358
3970,0,1,0,0.03414987400174141
3971,0,1,0,0.07752320170402527
3972,0,0,1,0.12024746835231781
3973,0,1,0,0.012647029012441635
3974,0,1,0,0.6745912432670593
3975,0,0,1,0.9733404517173767
3976,0,0,1,0.7575507760047913
3977,0,0,1,0.09594178199768066
3978,0,0,1,1.097663402557373
3979,0,0,1,0.4513607621192932
3980,0,0,1,1.4536464214324951
3981,0,0,1,0.03796577826142311
3982,0,0,1,0.12848210334777832
3983,0,0,1,-0.014249507337808609
3984,0,1,0,0.24444137513637543
3985,0,1,0,0.6709746718406677
3986,0,1,0,0.5768803358078003
3987,0,0,1,0.13126933574676514
3988,0,1,0,0.7439439296722412
3989,0,0,1,0.20240455865859985
3990,0,0,1,0.772490918636322
3991,0,0,1,0.22093480825424194
3992,0,0,1,0.805340588092804
3993,0,0,1,0.32510897517204285
3994,0,0,1,0.337038516998291
3995,0,1,0,0.7696043848991394
3996,0,1,0,0.11922281980514526
3997,0,1,0,0.7419747710227966
3998,0,1,0,0.7288766503334045
3999,0,1,0,1.1527541875839233
4000,0,0,1,0.1508062183856964
4001,0,0,1,0.3388884365558624
4002,0,1,0,0.9315833449363708
4003,0,0,1,0.5796462893486023
4004,0,1,0,0.5027016997337341
4005,0,1,0,0.3213733732700348
4006,0,0,1,0.2575041353702545
4007,0,0,1,1.431209683418274
4008,0,1,0,0.1139482706785202
4009,0,0,1,0.36079639196395874
4010,0,1,0,0.5160117745399475
4011,0,0,1,1.4169703722000122
4012,0,1,0,0.028108101338148117
4013,0,0,1,0.29595357179641724
4014,0,0,1,0.9454706907272339
4015,0,0,1,0.2289823293685913
4016,0,0,1,1.338857889175415
4017,0,0,1,2.2235190868377686
4018,0,0,1,0.6888020634651184
4019,0,0,1,1.1631393432617188
4020,0,0,1,1.2683192491531372
4021,0,1,0,1.6825824975967407
4022,0,1,0,0.8297156691551208
4023,0,0,1,0.24821585416793823
4024,0,0,1,0.9075264930725098
4025,0,1,0,0.25901326537132263
4026,0,1,0,0.08687539398670197
4027,0,0,1,1.0517724752426147
4028,0,1,0,1.3361363410949707
4029,0,0,1,0.5512859225273132
4030,0,1,0,1.2424767017364502
4031,0,1,0,1.2709137201309204
4032,0,0,1,0.13023346662521362
4033,0,0,1,0.7251768708229065
4034,0,1,0,0.5957211256027222
4035,0,0,1,0.22869640588760376
4036,0,0,1,0.20800700783729553
4037,0,0,1,0.7414674162864685
4038,0,0,1,0.6231335401535034
4039,0,1,0,0.41854655742645264
4040,0,0,1,0.1259726881980896
4041,0,0,1,0.2864854335784912
4042,0,0,1,1.4087450504302979
4043,0,1,0,0.9033657908439636
4044,0,0,1,-0.035141654312610626
4045,0,0,1,0.34035271406173706
4046,0,0,1,0.4495287537574768
4047,0,1,0,0.5215165615081787
4048,0,0,1,0.5765559077262878
4049,0,0,1,0.7385125756263733
4050,0,0,1,0.08342869579792023
4051,0,1,0,1.4546571969985962
4052,0,0,1,1.5174838304519653
4053,0,1,0,0.380465030670166
4054,0,0,1,1.7060569524765015
4055,0,1,0,0.31184446811676025
4056,0,1,0,0.4482235312461853
4057,0,0,1,1.4324095249176025
4058,0,1,0,0.14382779598236084
4059,0,0,1,0.16964232921600342
4060,0,1,0,0.5033575892448425
4061,0,0,1,0.7635849118232727
4062,0,1,0,1.4473475217819214
4063,0,0,1,-0.003259219229221344
4064,0,0,1,0.26940488815307617
4065,0,0,1,0.5398674607276917
4066,0,0,1,0.4445972144603729
4067,0,1,0,0.33447927236557007
4068,0,1,0,0.09083636105060577
4069,0,0,1,0.5339348316192627
4070,0,1,0,1.06801176071167
4071,0,1,0,0.47292792797088623
4072,0,1,0,0.33562734723091125
4073,0,0,1,1.1872479915618896
4074,0,0,1,1.064694881439209
4075,0,1,0,0.6905016303062439
4076,0,0,1,0.10343668609857559
4077,0,1,0,0.296298623085022
4078,0,0,1,1.05591881275177
4079,0,1,0,0.2951127290725708
4080,0,1,0,0.13960979878902435
4081,0,0,1,0.7822287082672119
4082,0,0,1,0.7955945730209351
4083,0,1,0,1.1102705001831055
4084,0,0,1,0.36928266286849976
4085,0,1,0,0.17511332035064697
4086,0,0,1,0.19419103860855103
4087,0,0,1,0.23257458209991455
4088,0,0,1,1.3422415256500244
4089,0,1,0,0.8503202795982361
4090,0,1,0,0.28819993138313293
4091,0,0,1,0.7480176091194153
4092,0,1,0,0.7669786810874939
4093,0,1,0,1.562422275543213
4094,0,1,0,0.7359688878059387
4095,0,0,1,-0.043040625751018524
4096,0,1,0,0.41891711950302124
4097,0,0,1,0.2692077159881592
4098,0,0,1,0.8691551089286804
4099,0,1,0,-0.03541536256670952
4100,0,0,1,0.2203558385372162
4101,0,1,0,0.15082617104053497
4102,0,0,1,1.0447731018066406
4103,0,0,1,0.6457117199897766
4104,0,1,0,0.22513096034526825
4105,0,0,1,0.4161137640476227
4106,0,1,0,0.2872440814971924
4107,0,0,1,0.3335684537887573
4108,0,1,0,1.33990478515625
4109,0,0,1,0.5367836952209473
4110,0,1,0,0.5742459297180176
4111,0,0,1,1.108473300933838
4112,0,0,1,0.04502002149820328
4113,0,1,0,0.4168183505535126
4114,0,1,0,-0.02004436030983925
4115,0,0,1,0.6098924279212952
4116,0,1,0,0.1159505546092987
4117,0,1,0,0.15737523138523102
4118,0,0,1,1.3932654857635498
4119,0,0,1,0.7090204358100891
4120,0,1,0,0.2793997824192047
4121,0,1,0,2.050149440765381
4122,0,0,1,0.5982363224029541
4123,0,0,1,0.7776658535003662
4124,0,1,0,0.2732465863227844
4125,0,0,1,0.5580944418907166
4126,0,0,1,0.5525004863739014
4127,0,0,1,0.4083186388015747
4128,0,0,1,0.26847824454307556
4129,0,1,0,0.49968892335891724
4130,0,0,1,0.5706295371055603
4131,0,0,1,0.8287094235420227
4132,0,0,1,0.8448591828346252
4133,0,0,1,1.7537732124328613
4134,0,1,0,0.5943474769592285
4135,0,0,1,0.09966181218624115
4136,0,1,0,0.3133699893951416
4137,0,0,1,0.5080603361129761
4138,0,0,1,0.5146308541297913
4139,0,0,1,0.3096882104873657
4140,0,0,1,1.5373055934906006
4141,0,0,1,0.6967349052429199
4142,0,0,1,0.5922968983650208
4143,0,0,1,1.4554696083068848
4144,0,0,1,1.4887073040008545
4145,0,0,1,1.406280279159546
4146,0,0,1,0.22542762756347656
4147,0,1,0,0.35682007670402527
4148,0,0,1,0.10540970414876938
4149,0,1,0,0.24567781388759613
4150,0,0,1,0.7830190062522888
4151,0,1,0,1.0355710983276367
4152,0,1,0,0.7339383363723755
4153,0,0,1,1.1350674629211426
4154,0,0,1,-0.03123883157968521
4155,0,0,1,0.009618652984499931
4156,0,1,0,0.25460320711135864
4157,0,0,1,1.4766850471496582
4158,0,1,0,1.0539307594299316
4159,0,1,0,-0.04028564691543579
4160,0,1,0,0.10348644852638245
4161,0,0,1,0.6267649531364441
4162,0,0,1,0.09269609302282333
4163,0,0,1,0.12222480028867722
4164,0,0,1,1.837681770324707
4165,0,1,0,0.2908898591995239
4166,0,0,1,0.22984766960144043
4167,0,1,0,0.02172066643834114
4168,0,1,0,0.05656880512833595
4169,0,0,1,0.4703614413738251
4170,0,1,0,0.4298765957355499
4171,0,0,1,0.5332634449005127
4172,0,0,1,0.6162818670272827
4173,0,1,0,1.357092261314392
4174,0,0,1,0.5189170837402344
4175,0,1,0,0.624537467956543
4176,0,0,1,0.5293583869934082
4177,0,1,0,0.545630931854248
4178,0,0,1,0.051166560500860214
4179,0,1,0,0.8213467001914978
4180,0,1,0,0.06925466656684875
4181,0,0,1,0.6620389819145203
4182,0,0,1,0.749881386756897
4183,0,1,0,0.7020875811576843
4184,0,0,1,0.3752347230911255
4185,0,0,1,0.5080015659332275
4186,0,0,1,0.9638635516166687
4187,0,0,1,1.4329862594604492
4188,0,0,1,0.5759034752845764
4189,0,1,0,0.07038559019565582
4190,0,1,0,0.23657076060771942
4191,0,0,1,0.27183735370635986
4192,0,0,1,0.1188008114695549
4193,0,0,1,0.049201600253582
4194,0,1,0,0.8613206744194031
4195,0,0,1,0.07662861049175262
4196,0,0,1,0.33448582887649536
4197,0,0,1,1.3975770473480225
4198,0,0,1,0.0922299176454544
4199,0,1,0,0.08092482388019562
4200,0,1,0,0.16917291283607483
4201,0,1,0,0.044778551906347275
4202,0,0,1,0.08493123203516006
4203,0,1,0,0.5495585203170776
4204,0,0,1,0.32469531893730164
4205,0,1,0,0.8525242209434509
4206,0,1,0,0.7472372651100159
4207,0,0,1,0.11997727304697037
4208,0,0,1,0.5515066981315613
4209,0,0,1,0.5234612226486206
4210,0,1,0,0.7072120308876038
4211,0,1,0,0.3268578052520752
4212,0,0,1,0.09835880994796753
4213,0,1,0,1.5184630155563354
4214,0,1,0,0.06405375897884369
4215,0,0,1,0.3366342782974243
4216,0,1,0,0.043499816209077835
4217,0,0,1,0.27993160486221313
4218,0,1,0,1.0572078227996826
4219,0,0,1,0.26392149925231934
4220,0,0,1,0.2522054612636566
4221,0,1,0,0.36286041140556335
4222,0,1,0,0.16605448722839355
4223,0,1,0,0.8045924305915833
4224,0,0,1,0.45511412620544434
4225,0,0,1,0.41788631677627563
4226,0,0,1,0.6987454295158386
4227,0,0,1,0.09684795141220093
4228,0,1,0,-0.040979836136102676
4229,0,1,0,0.12126310169696808
4230,0,1,0,0.21825416386127472
4231,0,0,1,1.3173160552978516
4232,0,1,0,0.5495075583457947
4233,0,0,1,0.1820056140422821
4234,0,0,1,1.105244517326355
4235,0,0,1,0.603631854057312
4236,0,0,1,1.5631208419799805
4237,0,1,0,0.45052653551101685
4238,0,0,1,0.27340859174728394
4239,0,0,1,0.21000921726226807
4240,0,0,1,0.5875234007835388
4241,0,0,1,0.4505438208580017
4242,0,0,1,0.10700444877147675
4243,0,1,0,0.4648551344871521
4244,0,1,0,0.062487516552209854
4245,0,1,0,-0.014939431101083755
4246,0,0,1,-0.05205767601728439
4247,0,0,1,0.368627667427063
4248,0,0,1,1.280055046081543
4249,0,0,1,0.02297794818878174
4250,0,1,0,0.12022416293621063
4251,0,1,0,0.7786102890968323
4252,0,0,1,0.22731927037239075
4253,0,0,1,0.6496725082397461
4254,0,0,1,0.55653315782547
4255,0,0,1,0.5660557746887207
4256,0,1,0,0.6437738537788391
4257,0,0,1,0.18671736121177673
4258,0,1,0,0.0997496098279953
4259,0,0,1,0.01634141057729721
4260,0,0,1,0.0462237223982811
4261,0,0,1,0.2580395042896271
4262,0,0,1,0.3549971282482147
4263,0,1,0,0.04495730623602867
4264,0,0,1,0.6236404180526733
4265,0,0,1,0.6378800868988037
4266,0,0,1,0.5199600458145142
4267,0,1,0,0.05576908215880394
4268,0,1,0,0.391731858253479
4269,0,0,1,0.3582155108451843
4270,0,1,0,0.31334957480430603
4271,0,0,1,0.6326788067817688
4272,0,1,0,1.0038232803344727
4273,0,1,0,0.3730752468109131
4274,0,0,1,0.22717204689979553
4275,0,0,1,0.3395283818244934
4276,0,1,0,0.2862742245197296
4277,0,1,0,1.0598139762878418
4278,0,1,0,-0.029283326119184494
4279,0,0,1,0.275643527507782
4280,0,0,1,0.22002968192100525
4281,0,0,1,0.44355374574661255
4282,0,1,0,1.3034076690673828
4283,0,1,0,0.03418370708823204
4284,0,0,1,0.23049324750900269
4285,0,0,1,0.2514861226081848
4286,0,0,1,0.2191770374774933
4287,0,0,1,0.5901455283164978
4288,0,1,0,0.21995024383068085
4289,0,0,1,-0.018224962055683136
4290,0,0,1,0.08656268566846848
4291,0,1,0,0.08331765234470367
4292,0,1,0,0.30102819204330444
4293,0,1,0,0.08501875400543213
4294,0,0,1,0.4507855772972107
4295,0,0,1,0.03773447498679161
4296,0,1,0,0.6678420901298523
4297,0,0,1,0.23681113123893738
4298,0,1,0,0.9538426995277405
4299,0,1,0,0.853395938873291
4300,0,1,0,0.9263949990272522
4301,0,0,1,1.854180097579956
4302,0,0,1,1.6553983688354492
4303,0,0,1,1.1634149551391602
4304,0,0,1,0.4815293550491333
4305,0,0,1,0.9635719060897827
